Reading ../datasets/ca-HepTh.txt
Running simulation with:
Set size: 	30
Heuristic: 	degree
Nodes: 		9877
Edges: 		51971
Estimating activation function...
[1441, 19615, 63113, 30744, 16164, 59077, 23420, 48973, 44262, 61742, 13648, 30160, 40517, 20394, 62227, 33512, 54785, 39085, 66135, 27587, 48570, 48192, 43226, 60926, 24394, 11403, 6142, 33715, 29595, 46139]
1	1.7139
2	3.4519
3	5.1958
4	6.8155
5	8.4445
6	10.0373
7	11.6346
8	13.1728
9	14.7484
10	16.3019
11	17.7944
12	19.3713
13	20.8213
14	22.3066
15	23.8377
16	25.3674
17	26.6688
18	28.3193
19	29.7225
20	31.0253
21	32.5107
22	33.8561
23	35.2494
24	36.7719
25	38.0205
26	39.4593
27	40.8655
28	42.326
29	43.6729
30	45.0246
