Reading ../datasets/ca-GrQc.txt
Running simulation with:
Set size: 	30
Heuristic: 	degree
Nodes: 		5242
Edges: 		28980
Estimating activation function...
[21012, 21281, 22691, 12365, 6610, 9785, 21508, 17655, 2741, 19423, 15003, 14807, 15244, 12781, 7956, 1653, 25346, 773, 4164, 23293, 25758, 24955, 6512, 3372, 11241, 45, 21847, 12496, 570, 22887]
1	2.2815
2	4.4002
3	6.3836
4	8.364
5	10.1546
6	11.9171
7	13.5606
8	15.1252
9	16.6993
10	18.16
11	19.4677
12	20.8243
13	22.6959
14	23.9026
15	25.1942
16	26.2822
17	27.5778
18	28.684
19	29.7942
20	30.8328
21	31.8794
22	32.8406
23	34.575
24	35.5523
25	36.4747
26	37.4991
27	38.3858
28	39.1779
29	40.1219
30	40.9441
