     1	3466	937
     2	3466	5233
     3	3466	8579
     4	3466	10310
     5	3466	15931
     6	3466	17038
     7	3466	18720
     8	3466	19607
     9	10310	1854
    10	10310	3466
    11	10310	4583
    12	10310	5233
    13	10310	9572
    14	10310	10841
    15	10310	13056
    16	10310	14982
    17	10310	16310
    18	10310	19640
    19	10310	23855
    20	10310	24372
    21	10310	24814
    22	5052	899
    23	5052	1796
    24	5052	2287
    25	5052	3096
    26	5052	3386
    27	5052	4472
    28	5052	5346
    29	5052	5740
    30	5052	6094
    31	5052	6376
    32	5052	9124
    33	5052	10235
    34	5052	10427
    35	5052	10597
    36	5052	15159
    37	5052	16148
    38	5052	16741
    39	5052	18235
    40	5052	18549
    41	5052	19297
    42	5052	20511
    43	5052	20595
    44	5052	20613
    45	5052	24371
    46	5052	24559
    47	5052	24731
    48	5052	25102
    49	5052	25271
    50	5052	25396
    51	5346	1658
    52	5346	4822
    53	5346	5052
    54	5346	6864
    55	5346	7689
    56	5346	7926
    57	5346	9124
    58	5346	10268
    59	5346	12971
    60	5346	15159
    61	5346	18600
    62	5346	20421
    63	5346	20886
    64	5346	21048
    65	5346	22393
    66	5346	23186
    67	5346	23214
    68	5346	23298
    69	5346	23945
    70	5346	24939
    71	15159	5052
    72	15159	5346
    73	15159	20421
    74	15159	22393
    75	19640	339
    76	19640	624
    77	19640	3731
    78	19640	4743
    79	19640	5407
    80	19640	6610
    81	19640	6700
    82	19640	8045
    83	19640	9099
    84	19640	9639
    85	19640	9785
    86	19640	10310
    87	19640	12141
    88	19640	15184
    89	19640	15784
    90	19640	18719
    91	19640	19870
    92	19640	20532
    93	19640	22527
    94	19640	23576
    95	19640	23577
    96	19640	23649
    97	19640	24199
    98	19640	24293
    99	19640	25201
   100	10243	6774
   101	10243	8049
   102	10243	8053
   103	10243	8517
   104	10243	10235
   105	10243	11964
   106	10243	15538
   107	10243	16694
   108	10243	18648
   109	10243	19423
   110	10243	21012
   111	10243	22457
   112	10243	22691
   113	10243	23452
   114	18648	8517
   115	18648	10243
   116	18648	15784
   117	18648	16174
   118	16470	17822
   119	17822	16470
   120	14265	392
   121	14265	2485
   122	14265	2949
   123	14265	3173
   124	14265	3441
   125	14265	3593
   126	14265	3853
   127	14265	3927
   128	14265	3937
   129	14265	3939
   130	14265	4743
   131	14265	5107
   132	14265	5218
   133	14265	5230
   134	14265	6030
   135	14265	7350
   136	14265	7504
   137	14265	7601
   138	14265	8718
   139	14265	9522
   140	14265	11621
   141	14265	12498
   142	14265	12691
   143	14265	15251
   144	14265	16020
   145	14265	16261
   146	14265	17156
   147	14265	17626
   148	14265	18622
   149	14265	19059
   150	14265	19525
   151	14265	19738
   152	14265	20122
   153	14265	20432
   154	14265	21866
   155	14265	22074
   156	14265	23721
   157	19738	8916
   158	19738	9572
   159	19738	13556
   160	19738	14265
   161	19738	14485
   162	8612	615
   163	8612	743
   164	8612	2076
   165	8612	4515
   166	8612	5773
   167	8612	9482
   168	8612	10822
   169	8612	11175
   170	8612	11604
   171	8612	14004
   172	8612	15003
   173	8612	15552
   174	8612	15814
   175	8612	16083
   176	8612	17932
   177	8612	20001
   178	8612	20100
   179	8612	23481
   180	10822	8612
   181	10822	14004
   182	16258	1356
   183	16258	1727
   184	16258	2752
   185	16258	4125
   186	16258	6667
   187	16258	6825
   188	16258	8579
   189	16258	10039
   190	16258	10351
   191	16258	11082
   192	16258	14123
   193	16258	16676
   194	16258	21194
   195	21194	16258
   196	14123	2752
   197	14123	4125
   198	14123	6667
   199	14123	10039
   200	14123	10351
   201	14123	10912
   202	14123	14534
   203	14123	16258
   204	14123	17268
   205	14123	19783
   206	14123	20595
   207	14123	21705
   208	14123	22836
   209	2710	62
   210	2710	106
   211	2710	260
   212	2710	2959
   213	2710	3677
   214	2710	4708
   215	2710	5172
   216	2710	5541
   217	2710	5794
   218	2710	5807
   219	2710	6575
   220	2710	8458
   221	2710	10601
   222	2710	11401
   223	2710	13026
   224	2710	13205
   225	2710	13659
   226	2710	13989
   227	2710	14007
   228	2710	14009
   229	2710	14599
   230	2710	15301
   231	2710	16148
   232	2710	18757
   233	2710	20934
   234	2710	21543
   235	2710	22184
   236	2710	23647
   237	2710	23708
   238	2710	25916
   239	2710	26023
   240	2710	26051
   241	2710	26100
   242	18757	214
   243	18757	2710
   244	18757	5172
   245	18757	5435
   246	18757	6512
   247	18757	10590
   248	18757	16148
   249	18757	23559
   250	16148	62
   251	16148	899
   252	16148	1765
   253	16148	2710
   254	16148	3032
   255	16148	5052
   256	16148	5302
   257	16148	7383
   258	16148	7442
   259	16148	7768
   260	16148	13276
   261	16148	17266
   262	16148	18757
   263	16148	22184
   264	16148	22415
   265	16148	23708
   266	16148	24371
   267	16148	24559
   268	10794	7050
   269	10794	25850
   270	7050	10113
   271	7050	10657
   272	7050	10794
   273	7050	12130
   274	7050	17172
   275	7050	25850
   276	4846	676
   277	4846	824
   278	4846	2133
   279	4846	2654
   280	4846	4748
   281	4846	5672
   282	4846	6610
   283	4846	6700
   284	4846	7350
   285	4846	10549
   286	4846	11082
   287	4846	12928
   288	4846	13220
   289	4846	14419
   290	4846	17330
   291	4846	17439
   292	4846	18487
   293	4846	20850
   294	4846	22779
   295	4846	23382
   296	4846	24029
   297	4846	24293
   298	824	676
   299	824	2133
   300	824	4846
   301	824	6610
   302	824	6700
   303	824	11082
   304	824	11785
   305	824	12928
   306	824	14419
   307	824	17330
   308	824	18487
   309	824	22779
   310	824	23382
   311	2133	824
   312	2133	4846
   313	2133	6610
   314	2133	6700
   315	2133	11082
   316	2133	12928
   317	2133	14419
   318	2133	17330
   319	2133	18487
   320	2133	22779
   321	2133	23382
   322	2133	24029
   323	6610	45
   324	6610	46
   325	6610	570
   326	6610	773
   327	6610	824
   328	6610	1653
   329	6610	2133
   330	6610	2212
   331	6610	2741
   332	6610	2952
   333	6610	3372
   334	6610	4046
   335	6610	4164
   336	6610	4511
   337	6610	4513
   338	6610	4846
   339	6610	5262
   340	6610	6179
   341	6610	6700
   342	6610	6830
   343	6610	7956
   344	6610	8045
   345	6610	8879
   346	6610	9639
   347	6610	9785
   348	6610	11082
   349	6610	11241
   350	6610	11472
   351	6610	12365
   352	6610	12496
   353	6610	12678
   354	6610	12781
   355	6610	12851
   356	6610	12928
   357	6610	14419
   358	6610	14540
   359	6610	14807
   360	6610	15003
   361	6610	15659
   362	6610	15784
   363	6610	16159
   364	6610	17330
   365	6610	17655
   366	6610	17692
   367	6610	18487
   368	6610	18894
   369	6610	19423
   370	6610	19640
   371	6610	19870
   372	6610	19961
   373	6610	20108
   374	6610	20532
   375	6610	20562
   376	6610	20635
   377	6610	21012
   378	6610	21281
   379	6610	21508
   380	6610	21847
   381	6610	22527
   382	6610	22691
   383	6610	22779
   384	6610	22798
   385	6610	22887
   386	6610	23293
   387	6610	23382
   388	6610	24955
   389	6610	25346
   390	6610	25758
   391	6700	339
   392	6700	624
   393	6700	824
   394	6700	934
   395	6700	2133
   396	6700	2654
   397	6700	4743
   398	6700	4846
   399	6700	5579
   400	6700	6610
   401	6700	9755
   402	6700	10550
   403	6700	11082
   404	6700	12928
   405	6700	14419
   406	6700	14485
   407	6700	16032
   408	6700	17330
   409	6700	17331
   410	6700	17603
   411	6700	18487
   412	6700	19640
   413	6700	20644
   414	6700	22497
   415	6700	22779
   416	6700	23293
   417	6700	23382
   418	6700	23387
   419	6700	23907
   420	6700	24924
   421	6700	25080
   422	11082	824
   423	11082	2133
   424	11082	4846
   425	11082	6610
   426	11082	6700
   427	11082	12928
   428	11082	14419
   429	11082	16258
   430	11082	17330
   431	11082	18487
   432	11082	22779
   433	11082	23382
   434	14419	824
   435	14419	2133
   436	14419	4846
   437	14419	6610
   438	14419	6700
   439	14419	11082
   440	14419	12422
   441	14419	12928
   442	14419	17330
   443	14419	18487
   444	14419	19423
   445	14419	21281
   446	14419	22779
   447	14419	23382
   448	17330	824
   449	17330	1339
   450	17330	2133
   451	17330	3164
   452	17330	4846
   453	17330	6610
   454	17330	6700
   455	17330	11082
   456	17330	12928
   457	17330	14419
   458	17330	15580
   459	17330	16393
   460	17330	18487
   461	17330	20478
   462	17330	20956
   463	17330	22779
   464	17330	23382
   465	18487	824
   466	18487	2133
   467	18487	2654
   468	18487	3164
   469	18487	3890
   470	18487	4846
   471	18487	5621
   472	18487	6610
   473	18487	6700
   474	18487	8824
   475	18487	11082
   476	18487	11613
   477	18487	12306
   478	18487	12860
   479	18487	12928
   480	18487	14419
   481	18487	14547
   482	18487	17330
   483	18487	17439
   484	18487	18182
   485	18487	20478
   486	18487	21707
   487	18487	22779
   488	18487	23382
   489	18487	23387
   490	18487	24696
   491	18487	25271
   492	22779	824
   493	22779	2133
   494	22779	4846
   495	22779	6610
   496	22779	6700
   497	22779	11082
   498	22779	12928
   499	22779	14419
   500	22779	17330
   501	22779	18487
   502	22779	23382
   503	23382	824
   504	23382	2133
   505	23382	2654
   506	23382	2661
   507	23382	4743
   508	23382	4846
   509	23382	6610
   510	23382	6700
   511	23382	7899
   512	23382	8067
   513	23382	8208
   514	23382	9755
   515	23382	11082
   516	23382	11132
   517	23382	11402
   518	23382	12928
   519	23382	12980
   520	23382	13364
   521	23382	14419
   522	23382	14969
   523	23382	16389
   524	23382	17330
   525	23382	18109
   526	23382	18365
   527	23382	18487
   528	23382	20478
   529	23382	22779
   530	23382	23038
   531	23382	24845
   532	23382	25379
   533	12928	824
   534	12928	2133
   535	12928	4846
   536	12928	6610
   537	12928	6700
   538	12928	11082
   539	12928	14419
   540	12928	17330
   541	12928	18487
   542	12928	22779
   543	12928	23382
   544	13740	4550
   545	13740	4702
   546	13740	7264
   547	13740	13096
   548	13740	14128
   549	13740	19489
   550	13740	19527
   551	13740	19784
   552	13740	22476
   553	13740	25006
   554	13740	25486
   555	13096	26
   556	13096	1407
   557	13096	1488
   558	13096	4550
   559	13096	7264
   560	13096	8219
   561	13096	10762
   562	13096	11801
   563	13096	12665
   564	13096	12688
   565	13096	13142
   566	13096	13740
   567	13096	14128
   568	13096	14599
   569	13096	15108
   570	13096	15321
   571	13096	20647
   572	13096	20827
   573	13096	20879
   574	13096	22476
   575	13096	23614
   576	13096	25006
   577	22393	3909
   578	22393	5346
   579	22393	7689
   580	22393	15159
   581	22393	17979
   582	3872	5109
   583	3872	7533
   584	3872	11175
   585	3872	12409
   586	3872	15552
   587	3872	16174
   588	3872	20101
   589	3872	23096
   590	23096	3872
   591	8862	78
   592	8862	4877
   593	8862	7459
   594	8862	8254
   595	8862	12155
   596	8862	22598
   597	8862	24932
   598	22598	888
   599	22598	1520
   600	22598	6468
   601	22598	6627
   602	22598	7007
   603	22598	7350
   604	22598	7712
   605	22598	8862
   606	22598	9572
   607	22598	10711
   608	22598	13614
   609	22598	14102
   610	22598	18365
   611	22598	18517
   612	22598	18676
   613	22598	23351
   614	22598	23689
   615	22598	24114
   616	8254	78
   617	8254	2465
   618	8254	2592
   619	8254	3977
   620	8254	5055
   621	8254	5993
   622	8254	8862
   623	8254	9265
   624	8254	12155
   625	8254	12334
   626	8254	19890
   627	8254	20341
   628	8254	21560
   629	17309	24833
   630	24833	543
   631	24833	1958
   632	24833	2193
   633	24833	3917
   634	24833	6858
   635	24833	8148
   636	24833	9092
   637	24833	12478
   638	24833	15366
   639	24833	17309
   640	24833	18125
   641	24833	18398
   642	24833	19675
   643	24833	21806
   644	24833	23614
   645	24833	23693
   646	24833	26196
   647	10115	10134
   648	10115	23916
   649	23916	10115
   650	7893	593
   651	7893	4515
   652	7893	5510
   653	7893	9360
   654	7893	12334
   655	7893	12627
   656	7893	16778
   657	7893	18037
   658	7893	18051
   659	18051	593
   660	18051	4515
   661	18051	5510
   662	18051	7893
   663	18051	9360
   664	18051	12334
   665	18051	12627
   666	18051	13385
   667	18051	16778
   668	18051	19578
   669	4515	615
   670	4515	7893
   671	4515	8612
   672	4515	11604
   673	4515	16083
   674	4515	16778
   675	4515	17932
   676	4515	18051
   677	16778	593
   678	16778	4515
   679	16778	7893
   680	16778	12386
   681	16778	12627
   682	16778	13333
   683	16778	18051
   684	16778	23896
   685	8978	9017
   686	8978	15170
   687	8978	15455
   688	8978	16589
   689	9017	2255
   690	9017	3056
   691	9017	6158
   692	9017	7307
   693	9017	7324
   694	9017	8365
   695	9017	8978
   696	9017	9023
   697	9017	11444
   698	9017	12324
   699	9017	12472
   700	9017	13831
   701	9017	14746
   702	9017	15170
   703	9017	15455
   704	9017	16128
   705	9017	16589
   706	9017	17075
   707	9017	18875
   708	9017	19900
   709	9017	20000
   710	9017	20806
   711	9017	21944
   712	9017	21968
   713	9017	23302
   714	9017	23665
   715	9017	23758
   716	9017	24722
   717	15170	8978
   718	15170	9017
   719	15170	15455
   720	15170	16589
   721	15455	3056
   722	15455	7307
   723	15455	8365
   724	15455	8978
   725	15455	9017
   726	15455	12045
   727	15455	12287
   728	15455	12472
   729	15455	13831
   730	15455	14181
   731	15455	15170
   732	15455	16589
   733	15455	17075
   734	15455	20257
   735	15455	20827
   736	15455	21968
   737	15455	23665
   738	16589	8978
   739	16589	9017
   740	16589	15170
   741	16589	15455
   742	16589	21613
   743	7510	197
   744	7510	8851
   745	8851	197
   746	8851	1343
   747	8851	2991
   748	8851	7510
   749	8851	8299
   750	8851	12334
   751	8851	14485
   752	8851	15416
   753	8851	15552
   754	8851	18088
   755	8851	25286
   756	624	1254
   757	624	2654
   758	624	3420
   759	624	3731
   760	624	4743
   761	624	5407
   762	624	6700
   763	624	9099
   764	624	10130
   765	624	10762
   766	624	15184
   767	624	16032
   768	624	19640
   769	624	23577
   770	624	23649
   771	624	24293
   772	624	25201
   773	2654	339
   774	2654	624
   775	2654	2250
   776	2654	3243
   777	2654	3420
   778	2654	3890
   779	2654	4743
   780	2654	4748
   781	2654	4846
   782	2654	5621
   783	2654	6700
   784	2654	7717
   785	2654	7985
   786	2654	9755
   787	2654	10130
   788	2654	11015
   789	2654	12085
   790	2654	12306
   791	2654	12365
   792	2654	13714
   793	2654	14767
   794	2654	16032
   795	2654	16056
   796	2654	16310
   797	2654	16994
   798	2654	17414
   799	2654	17439
   800	2654	18487
   801	2654	18971
   802	2654	19216
   803	2654	20511
   804	2654	20534
   805	2654	20850
   806	2654	21776
   807	2654	21860
   808	2654	23382
   809	2654	25205
   810	2654	25396
   811	10130	178
   812	10130	624
   813	10130	1248
   814	10130	1403
   815	10130	2368
   816	10130	2420
   817	10130	2654
   818	10130	5621
   819	10130	7007
   820	10130	16032
   821	10130	16210
   822	10130	18681
   823	10130	20641
   824	10130	22074
   825	10130	24762
   826	16032	624
   827	16032	934
   828	16032	2307
   829	16032	2420
   830	16032	2654
   831	16032	5621
   832	16032	6700
   833	16032	6934
   834	16032	10130
   835	16032	13220
   836	16032	17439
   837	16032	20644
   838	16032	22423
   839	16032	22457
   840	16032	23293
   841	16032	25080
   842	3937	3927
   843	3937	4743
   844	3937	9522
   845	3937	14265
   846	21012	45
   847	21012	46
   848	21012	231
   849	21012	345
   850	21012	570
   851	21012	773
   852	21012	1186
   853	21012	1234
   854	21012	1653
   855	21012	1841
   856	21012	1997
   857	21012	2212
   858	21012	2404
   859	21012	2450
   860	21012	2741
   861	21012	2952
   862	21012	2980
   863	21012	3372
   864	21012	3409
   865	21012	4164
   866	21012	4511
   867	21012	4513
   868	21012	5134
   869	21012	5578
   870	21012	6179
   871	21012	6610
   872	21012	6774
   873	21012	6830
   874	21012	7956
   875	21012	8049
   876	21012	8503
   877	21012	8879
   878	21012	9341
   879	21012	9482
   880	21012	9785
   881	21012	9889
   882	21012	10243
   883	21012	11241
   884	21012	11472
   885	21012	12365
   886	21012	12496
   887	21012	12503
   888	21012	12781
   889	21012	12851
   890	21012	13060
   891	21012	13597
   892	21012	14540
   893	21012	14807
   894	21012	15003
   895	21012	15538
   896	21012	15659
   897	21012	16611
   898	21012	17655
   899	21012	17692
   900	21012	18208
   901	21012	18543
   902	21012	18719
   903	21012	18866
   904	21012	18894
   905	21012	19423
   906	21012	19961
   907	21012	20108
   908	21012	20562
   909	21012	20635
   910	21012	21281
   911	21012	21508
   912	21012	21847
   913	21012	22421
   914	21012	22457
   915	21012	22691
   916	21012	22887
   917	21012	22937
   918	21012	23293
   919	21012	23363
   920	21012	23452
   921	21012	23628
   922	21012	24955
   923	21012	25053
   924	21012	25251
   925	21012	25346
   926	21012	25758
   927	22691	45
   928	22691	231
   929	22691	345
   930	22691	570
   931	22691	773
   932	22691	1234
   933	22691	1653
   934	22691	1997
   935	22691	2212
   936	22691	2741
   937	22691	2952
   938	22691	2980
   939	22691	2982
   940	22691	3372
   941	22691	4036
   942	22691	4115
   943	22691	4164
   944	22691	4513
   945	22691	5134
   946	22691	6179
   947	22691	6610
   948	22691	6774
   949	22691	6830
   950	22691	7956
   951	22691	8049
   952	22691	8879
   953	22691	9341
   954	22691	9785
   955	22691	10243
   956	22691	11241
   957	22691	11472
   958	22691	12365
   959	22691	12496
   960	22691	12503
   961	22691	12781
   962	22691	12851
   963	22691	12938
   964	22691	13032
   965	22691	13060
   966	22691	13364
   967	22691	14540
   968	22691	14807
   969	22691	15003
   970	22691	15538
   971	22691	15659
   972	22691	17655
   973	22691	17692
   974	22691	18719
   975	22691	18866
   976	22691	18894
   977	22691	19215
   978	22691	19423
   979	22691	19961
   980	22691	20108
   981	22691	20562
   982	22691	20635
   983	22691	21012
   984	22691	21281
   985	22691	21432
   986	22691	21508
   987	22691	21847
   988	22691	22457
   989	22691	22726
   990	22691	22834
   991	22691	22887
   992	22691	22966
   993	22691	23293
   994	22691	23452
   995	22691	23511
   996	22691	23628
   997	22691	24955
   998	22691	25053
   999	22691	25271
  1000	22691	25346
  1001	22691	25528
  1002	22691	25758
  1003	22691	25836
  1004	19215	22691
  1005	19215	25836
  1006	2980	231
  1007	2980	345
  1008	2980	1186
  1009	2980	1841
  1010	2980	2741
  1011	2980	3409
  1012	2980	5578
  1013	2980	6774
  1014	2980	8503
  1015	2980	9482
  1016	2980	12503
  1017	2980	13597
  1018	2980	14376
  1019	2980	14807
  1020	2980	16611
  1021	2980	17655
  1022	2980	18543
  1023	2980	21012
  1024	2980	22457
  1025	2980	22691
  1026	2980	22937
  1027	2980	23363
  1028	2980	23452
  1029	2980	24955
  1030	14376	2980
  1031	9522	3937
  1032	9522	8710
  1033	9522	9572
  1034	9522	14265
  1035	9522	22483
  1036	9572	1375
  1037	9572	2846
  1038	9572	5555
  1039	9572	5564
  1040	9572	5787
  1041	9572	5993
  1042	9572	7459
  1043	9572	7689
  1044	9572	7712
  1045	9572	8916
  1046	9572	9522
  1047	9572	9721
  1048	9572	10158
  1049	9572	10310
  1050	9572	10942
  1051	9572	13600
  1052	9572	13614
  1053	9572	13929
  1054	9572	14102
  1055	9572	14485
  1056	9572	16310
  1057	9572	18517
  1058	9572	19738
  1059	9572	21075
  1060	9572	21316
  1061	9572	22598
  1062	9572	22900
  1063	9572	23293
  1064	9572	23637
  1065	9572	23647
  1066	9572	23770
  1067	9572	25143
  1068	9572	25601
  1069	9572	25980
  1070	17394	18924
  1071	18924	3113
  1072	18924	8312
  1073	18924	10765
  1074	18924	11621
  1075	18924	16310
  1076	18924	17394
  1077	18924	17538
  1078	18924	25978
  1079	3441	1172
  1080	3441	5674
  1081	3441	10268
  1082	3441	12691
  1083	3441	14265
  1084	3441	26194
  1085	10268	375
  1086	10268	1172
  1087	10268	1838
  1088	10268	3441
  1089	10268	5346
  1090	10268	12733
  1091	10268	26194
  1092	7188	896
  1093	7188	921
  1094	7188	1508
  1095	7188	6815
  1096	7188	7209
  1097	7188	8279
  1098	7188	13008
  1099	7188	14485
  1100	7188	17038
  1101	7188	18605
  1102	7188	18866
  1103	7188	21158
  1104	18866	45
  1105	18866	345
  1106	18866	676
  1107	18866	773
  1108	18866	896
  1109	18866	1186
  1110	18866	1508
  1111	18866	2741
  1112	18866	3409
  1113	18866	4632
  1114	18866	6815
  1115	18866	7188
  1116	18866	7209
  1117	18866	7844
  1118	18866	7956
  1119	18866	8279
  1120	18866	8503
  1121	18866	9785
  1122	18866	11053
  1123	18866	11148
  1124	18866	11785
  1125	18866	12365
  1126	18866	12781
  1127	18866	13008
  1128	18866	13411
  1129	18866	13597
  1130	18866	14485
  1131	18866	14512
  1132	18866	15003
  1133	18866	16594
  1134	18866	16722
  1135	18866	16726
  1136	18866	16876
  1137	18866	17038
  1138	18866	18719
  1139	18866	19954
  1140	18866	19992
  1141	18866	20391
  1142	18866	20774
  1143	18866	21012
  1144	18866	21508
  1145	18866	22691
  1146	18866	23403
  1147	18866	25346
  1148	4870	5175
  1149	4870	8282
  1150	4870	22046
  1151	5175	2449
  1152	5175	4766
  1153	5175	4870
  1154	5175	8282
  1155	5175	22046
  1156	5175	22415
  1157	8282	4870
  1158	8282	5175
  1159	8282	22046
  1160	22046	3561
  1161	22046	4868
  1162	22046	4870
  1163	22046	5175
  1164	22046	7007
  1165	22046	8282
  1166	22046	8352
  1167	22046	10456
  1168	22046	15365
  1169	22046	16931
  1170	22046	18875
  1171	8157	2120
  1172	2120	8157
  1173	7713	19052
  1174	19052	7713
  1175	8302	16484
  1176	16484	8302
  1177	17778	2556
  1178	17778	13556
  1179	17778	17979
  1180	17778	19159
  1181	17778	21699
  1182	21699	13556
  1183	21699	17778
  1184	21699	25382
  1185	8701	523
  1186	8701	570
  1187	8701	2991
  1188	8701	5464
  1189	8701	7774
  1190	8701	17379
  1191	8701	18008
  1192	8701	23385
  1193	8701	25868
  1194	8701	26170
  1195	17379	78
  1196	17379	1310
  1197	17379	2922
  1198	17379	3651
  1199	17379	6891
  1200	17379	8701
  1201	17379	10162
  1202	17379	10620
  1203	17379	11112
  1204	17379	13174
  1205	17379	14864
  1206	17379	17536
  1207	17379	23153
  1208	17379	24340
  1209	6858	8148
  1210	6858	15366
  1211	6858	24833
  1212	8148	6858
  1213	8148	15366
  1214	8148	24833
  1215	15366	6858
  1216	15366	8148
  1217	15366	24833
  1218	9360	7893
  1219	9360	11102
  1220	9360	12334
  1221	9360	15814
  1222	9360	18037
  1223	9360	18051
  1224	9360	18592
  1225	9360	22765
  1226	9360	24696
  1227	9360	25758
  1228	11102	1896
  1229	11102	6838
  1230	11102	9360
  1231	11102	25220
  1232	11102	25758
  1233	25758	45
  1234	25758	46
  1235	25758	570
  1236	25758	773
  1237	25758	1653
  1238	25758	2212
  1239	25758	2741
  1240	25758	2949
  1241	25758	2952
  1242	25758	3372
  1243	25758	4164
  1244	25758	4180
  1245	25758	4511
  1246	25758	4513
  1247	25758	6179
  1248	25758	6610
  1249	25758	6830
  1250	25758	7956
  1251	25758	8879
  1252	25758	9360
  1253	25758	9785
  1254	25758	10055
  1255	25758	11102
  1256	25758	11241
  1257	25758	11472
  1258	25758	12365
  1259	25758	12496
  1260	25758	12637
  1261	25758	12781
  1262	25758	12851
  1263	25758	14540
  1264	25758	14807
  1265	25758	15003
  1266	25758	15659
  1267	25758	17655
  1268	25758	17692
  1269	25758	18894
  1270	25758	19423
  1271	25758	19961
  1272	25758	20108
  1273	25758	20562
  1274	25758	20635
  1275	25758	21012
  1276	25758	21281
  1277	25758	21508
  1278	25758	21847
  1279	25758	22691
  1280	25758	22887
  1281	25758	23293
  1282	25758	24955
  1283	25758	25346
  1284	9755	339
  1285	9755	1653
  1286	9755	1832
  1287	9755	2250
  1288	9755	2654
  1289	9755	4383
  1290	9755	4743
  1291	9755	4748
  1292	9755	5621
  1293	9755	6700
  1294	9755	7014
  1295	9755	7717
  1296	9755	9397
  1297	9755	9482
  1298	9755	11015
  1299	9755	13714
  1300	9755	14344
  1301	9755	14385
  1302	9755	14767
  1303	9755	17439
  1304	9755	18971
  1305	9755	19216
  1306	9755	19423
  1307	9755	20511
  1308	9755	20534
  1309	9755	21281
  1310	9755	21379
  1311	9755	23382
  1312	9755	24163
  1313	9755	25205
  1314	9755	25396
  1315	14344	4416
  1316	14344	9755
  1317	14344	24163
  1318	24163	9755
  1319	24163	14344
  1320	12691	3441
  1321	12691	14265
  1322	3420	624
  1323	3420	2654
  1324	3420	9241
  1325	7442	2620
  1326	7442	3032
  1327	7442	3096
  1328	7442	3679
  1329	7442	4364
  1330	7442	4550
  1331	7442	5712
  1332	7442	7768
  1333	7442	13955
  1334	7442	14003
  1335	7442	15235
  1336	7442	16148
  1337	7442	18227
  1338	7442	19445
  1339	7442	19495
  1340	7442	20168
  1341	7442	23967
  1342	7442	24371
  1343	7768	1116
  1344	7768	3032
  1345	7768	7442
  1346	7768	15235
  1347	7768	15399
  1348	7768	16148
  1349	7768	18222
  1350	7768	21287
  1351	7768	23227
  1352	7768	24371
  1353	4624	5355
  1354	4624	6863
  1355	4624	7689
  1356	4624	12606
  1357	4624	12968
  1358	4624	15770
  1359	4624	21322
  1360	4624	22265
  1361	4624	22336
  1362	4624	23099
  1363	4624	23880
  1364	4624	25111
  1365	15770	4319
  1366	15770	4624
  1367	15770	12758
  1368	15770	22023
  1369	15770	23099
  1370	23099	4624
  1371	23099	15770
  1372	14337	5849
  1373	14337	10763
  1374	14337	11121
  1375	14337	11194
  1376	14337	15799
  1377	14337	16511
  1378	14337	16575
  1379	14337	16945
  1380	14337	21157
  1381	15799	2326
  1382	15799	5849
  1383	15799	10253
  1384	15799	11194
  1385	15799	13190
  1386	15799	14325
  1387	15799	14337
  1388	15799	19048
  1389	15799	20182
  1390	11241	45
  1391	11241	46
  1392	11241	570
  1393	11241	773
  1394	11241	1653
  1395	11241	2212
  1396	11241	2741
  1397	11241	2952
  1398	11241	3372
  1399	11241	3595
  1400	11241	4164
  1401	11241	4511
  1402	11241	4513
  1403	11241	6179
  1404	11241	6610
  1405	11241	6830
  1406	11241	7956
  1407	11241	8879
  1408	11241	9785
  1409	11241	11472
  1410	11241	12365
  1411	11241	12496
  1412	11241	12781
  1413	11241	12851
  1414	11241	14540
  1415	11241	14807
  1416	11241	15003
  1417	11241	15659
  1418	11241	17655
  1419	11241	17692
  1420	11241	18174
  1421	11241	18894
  1422	11241	19423
  1423	11241	19961
  1424	11241	20108
  1425	11241	20562
  1426	11241	20635
  1427	11241	21012
  1428	11241	21281
  1429	11241	21508
  1430	11241	21847
  1431	11241	22691
  1432	11241	22887
  1433	11241	23293
  1434	11241	24955
  1435	11241	25271
  1436	11241	25346
  1437	11241	25396
  1438	11241	25758
  1439	25271	2287
  1440	25271	5052
  1441	25271	10235
  1442	25271	11241
  1443	25271	12860
  1444	25271	17850
  1445	25271	18487
  1446	25271	20620
  1447	25271	21432
  1448	25271	21707
  1449	25271	22415
  1450	25271	22691
  1451	25271	22834
  1452	25271	23452
  1453	25271	25053
  1454	25271	25396
  1455	25396	339
  1456	25396	2250
  1457	25396	2287
  1458	25396	2654
  1459	25396	4743
  1460	25396	4748
  1461	25396	5052
  1462	25396	5621
  1463	25396	7717
  1464	25396	9755
  1465	25396	10235
  1466	25396	11015
  1467	25396	11241
  1468	25396	12380
  1469	25396	13714
  1470	25396	14767
  1471	25396	17439
  1472	25396	18971
  1473	25396	19216
  1474	25396	20511
  1475	25396	20534
  1476	25396	25205
  1477	25396	25271
  1478	16994	231
  1479	16994	2654
  1480	16994	3197
  1481	16994	6160
  1482	16994	8589
  1483	16994	9417
  1484	16994	9829
  1485	16994	14638
  1486	16994	14924
  1487	16994	15972
  1488	16994	17228
  1489	16994	18940
  1490	16994	19090
  1491	16994	19475
  1492	16994	20207
  1493	16994	21776
  1494	16994	22644
  1495	16994	22790
  1496	16994	24001
  1497	16994	25228
  1498	21776	2654
  1499	21776	9710
  1500	21776	16994
  1501	21776	17932
  1502	21776	19159
  1503	3345	3430
  1504	3345	5266
  1505	3345	5995
  1506	3345	7999
  1507	3345	8047
  1508	3345	8178
  1509	3345	8868
  1510	3345	9710
  1511	3345	10824
  1512	3345	15144
  1513	3345	19107
  1514	3345	19806
  1515	3345	22439
  1516	3345	23304
  1517	3345	24431
  1518	8868	3345
  1519	11077	10211
  1520	11077	12130
  1521	11077	14972
  1522	11077	15300
  1523	11077	17158
  1524	11077	17162
  1525	11077	17403
  1526	11077	20149
  1527	11077	20519
  1528	11077	21389
  1529	11077	22951
  1530	11077	23912
  1531	11077	23918
  1532	11077	25589
  1533	17162	11077
  1534	17162	21389
  1535	21389	11077
  1536	21389	17158
  1537	21389	17162
  1538	21389	17403
  1539	21389	23918
  1540	6895	12968
  1541	12968	1488
  1542	12968	3076
  1543	12968	4550
  1544	12968	4624
  1545	12968	6895
  1546	12968	7444
  1547	12968	8972
  1548	12968	17308
  1549	12968	20574
  1550	12968	21629
  1551	15144	245
  1552	15144	3345
  1553	15144	4983
  1554	15144	9710
  1555	15144	10824
  1556	15144	13480
  1557	15144	13597
  1558	15144	14562
  1559	15144	15814
  1560	15144	15912
  1561	15144	16976
  1562	15144	19974
  1563	15144	22245
  1564	19974	414
  1565	19974	13480
  1566	19974	15144
  1567	19974	23770
  1568	8708	23776
  1569	23776	8708
  1570	13597	1044
  1571	13597	1186
  1572	13597	2741
  1573	13597	2980
  1574	13597	3409
  1575	13597	4975
  1576	13597	5809
  1577	13597	11148
  1578	13597	12085
  1579	13597	12587
  1580	13597	15144
  1581	13597	16123
  1582	13597	18719
  1583	13597	18866
  1584	13597	20303
  1585	13597	21012
  1586	13597	22937
  1587	20303	4451
  1588	20303	9983
  1589	20303	12587
  1590	20303	13597
  1591	20303	15205
  1592	20303	15666
  1593	20303	15667
  1594	20303	19093
  1595	20303	21031
  1596	20303	24330
  1597	3032	339
  1598	3032	5840
  1599	3032	6732
  1600	3032	7442
  1601	3032	7768
  1602	3032	8614
  1603	3032	13847
  1604	3032	15081
  1605	3032	16148
  1606	3032	22415
  1607	3032	22609
  1608	3032	24371
  1609	22415	899
  1610	22415	2449
  1611	22415	3032
  1612	22415	3310
  1613	22415	4766
  1614	22415	5143
  1615	22415	5175
  1616	22415	9735
  1617	22415	16148
  1618	22415	17396
  1619	22415	25271
  1620	22415	26138
  1621	4700	5606
  1622	4700	9124
  1623	9124	1310
  1624	9124	1386
  1625	9124	1658
  1626	9124	1738
  1627	9124	2566
  1628	9124	2720
  1629	9124	4700
  1630	9124	5052
  1631	9124	5346
  1632	9124	5606
  1633	9124	5634
  1634	9124	7926
  1635	9124	9870
  1636	9124	10597
  1637	9124	16741
  1638	9124	16779
  1639	9124	19297
  1640	9124	20886
  1641	9124	23186
  1642	9124	23298
  1643	9124	23945
  1644	9124	24475
  1645	9124	25102
  1646	9124	25931
  1647	4046	6610
  1648	21806	1817
  1649	21806	3725
  1650	21806	5366
  1651	21806	12478
  1652	21806	15911
  1653	21806	24833
  1654	3409	1044
  1655	3409	1186
  1656	3409	2741
  1657	3409	2980
  1658	3409	7956
  1659	3409	9800
  1660	3409	11148
  1661	3409	12085
  1662	3409	12365
  1663	3409	13597
  1664	3409	18866
  1665	3409	19992
  1666	3409	21012
  1667	3409	22937
  1668	3409	25346
  1669	3409	26141
  1670	18001	22177
  1671	18001	25480
  1672	22177	1425
  1673	22177	2501
  1674	22177	2823
  1675	22177	5136
  1676	22177	5564
  1677	22177	7105
  1678	22177	7317
  1679	22177	9127
  1680	22177	13556
  1681	22177	14485
  1682	22177	14615
  1683	22177	15552
  1684	22177	17089
  1685	22177	18001
  1686	22177	19454
  1687	22177	22644
  1688	22177	22758
  1689	22177	23841
  1690	22177	24199
  1691	22177	25286
  1692	22177	25480
  1693	25480	3207
  1694	25480	7125
  1695	25480	18001
  1696	25480	20683
  1697	25480	22177
  1698	25480	22758
  1699	25480	25419
  1700	8916	2591
  1701	8916	8932
  1702	8916	9188
  1703	8916	9572
  1704	8916	9773
  1705	8916	12334
  1706	8916	13713
  1707	8916	17536
  1708	8916	19179
  1709	8916	19738
  1710	8916	23880
  1711	12334	743
  1712	12334	7893
  1713	12334	8254
  1714	12334	8851
  1715	12334	8916
  1716	12334	9360
  1717	12334	13713
  1718	12334	14485
  1719	12334	14818
  1720	12334	17932
  1721	12334	18037
  1722	12334	18051
  1723	12334	26190
  1724	13713	8916
  1725	13713	12334
  1726	2949	3839
  1727	2949	4743
  1728	2949	12141
  1729	2949	12637
  1730	2949	13615
  1731	2949	14265
  1732	2949	14485
  1733	2949	16674
  1734	2949	25758
  1735	7042	9269
  1736	7042	10113
  1737	7042	11661
  1738	7042	21994
  1739	10113	7042
  1740	10113	7050
  1741	10113	9943
  1742	10113	10096
  1743	10113	11661
  1744	10113	12130
  1745	10113	15614
  1746	10113	16368
  1747	10113	17172
  1748	10113	17285
  1749	10113	21407
  1750	10113	21994
  1751	11661	1488
  1752	11661	7042
  1753	11661	8715
  1754	11661	10096
  1755	11661	10113
  1756	11661	16210
  1757	11661	21142
  1758	11661	21167
  1759	13621	25388
  1760	25388	13621
  1761	284	6427
  1762	6427	284
  1763	6427	16835
  1764	6427	18677
  1765	6427	21696
  1766	6427	25854
  1767	6427	25940
  1768	1044	3409
  1769	1044	5809
  1770	1044	9485
  1771	1044	10435
  1772	1044	13597
  1773	1044	14698
  1774	1044	16123
  1775	1044	21823
  1776	5809	1044
  1777	5809	13597
  1778	811	6468
  1779	811	9964
  1780	811	11919
  1781	811	15123
  1782	811	16083
  1783	811	17021
  1784	811	19517
  1785	811	22989
  1786	811	23485
  1787	15123	811
  1788	15123	8069
  1789	15123	16083
  1790	16083	615
  1791	16083	811
  1792	16083	2076
  1793	16083	4515
  1794	16083	5773
  1795	16083	8612
  1796	16083	11604
  1797	16083	15123
  1798	16083	15814
  1799	16083	17932
  1800	2127	11712
  1801	11712	2127
  1802	11712	10762
  1803	11712	10871
  1804	11712	15829
  1805	11712	16106
  1806	11712	17207
  1807	11712	17670
  1808	11712	18286
  1809	11712	18612
  1810	11712	19234
  1811	11712	19724
  1812	11712	22876
  1813	3412	10762
  1814	3412	13847
  1815	3412	17207
  1816	10762	624
  1817	10762	894
  1818	10762	2591
  1819	10762	3412
  1820	10762	4814
  1821	10762	5441
  1822	10762	5717
  1823	10762	5934
  1824	10762	9075
  1825	10762	10623
  1826	10762	11223
  1827	10762	11491
  1828	10762	11712
  1829	10762	12659
  1830	10762	13096
  1831	10762	13276
  1832	10762	13847
  1833	10762	14351
  1834	10762	15235
  1835	10762	16310
  1836	10762	17207
  1837	10762	19807
  1838	10762	21324
  1839	10762	21665
  1840	10762	22336
  1841	10762	22734
  1842	10762	22778
  1843	10762	23246
  1844	10762	23708
  1845	10762	25698
  1846	13847	3032
  1847	13847	3412
  1848	13847	7615
  1849	13847	10762
  1850	13847	10871
  1851	13847	17207
  1852	13847	24371
  1853	17207	3096
  1854	17207	3412
  1855	17207	5934
  1856	17207	10762
  1857	17207	10871
  1858	17207	11712
  1859	17207	12806
  1860	17207	13847
  1861	17207	18612
  1862	17207	25698
  1863	7689	1620
  1864	7689	3310
  1865	7689	3909
  1866	7689	3922
  1867	7689	4624
  1868	7689	5107
  1869	7689	5346
  1870	7689	5555
  1871	7689	5564
  1872	7689	5993
  1873	7689	6468
  1874	7689	7459
  1875	7689	9133
  1876	7689	9572
  1877	7689	9895
  1878	7689	9907
  1879	7689	10096
  1880	7689	10711
  1881	7689	11791
  1882	7689	13276
  1883	7689	14864
  1884	7689	17626
  1885	7689	18457
  1886	7689	19131
  1887	7689	19997
  1888	7689	21491
  1889	7689	22393
  1890	7689	22426
  1891	7689	22791
  1892	7689	23637
  1893	7689	25158
  1894	7689	25316
  1895	18457	7689
  1896	17228	352
  1897	17228	3996
  1898	17228	10555
  1899	17228	15850
  1900	17228	16994
  1901	17228	19101
  1902	17228	20207
  1903	17228	20533
  1904	17228	21943
  1905	17228	22603
  1906	17228	23513
  1907	17228	25034
  1908	20207	1280
  1909	20207	1958
  1910	20207	5851
  1911	20207	10555
  1912	20207	11591
  1913	20207	13520
  1914	20207	16921
  1915	20207	16994
  1916	20207	17228
  1917	20207	21646
  1918	17559	1674
  1919	17559	3323
  1920	17559	8680
  1921	17559	9184
  1922	17559	13813
  1923	17559	19204
  1924	17559	19206
  1925	17559	19657
  1926	17559	20373
  1927	17559	21646
  1928	17559	21943
  1929	17559	23204
  1930	17559	25034
  1931	19206	13813
  1932	19206	17559
  1933	19206	23204
  1934	13813	409
  1935	13813	2474
  1936	13813	4241
  1937	13813	6746
  1938	13813	8680
  1939	13813	10476
  1940	13813	16568
  1941	13813	17559
  1942	13813	19204
  1943	13813	19206
  1944	13813	20373
  1945	13813	21771
  1946	13813	24620
  1947	7504	2081
  1948	7504	2664
  1949	7504	3593
  1950	7504	5107
  1951	7504	9829
  1952	7504	12212
  1953	7504	13528
  1954	7504	14265
  1955	7504	14628
  1956	7504	22574
  1957	7504	25872
  1958	12212	1545
  1959	12212	2202
  1960	12212	5107
  1961	12212	5266
  1962	12212	6030
  1963	12212	7504
  1964	12212	9829
  1965	12212	13528
  1966	12212	14628
  1967	12212	15206
  1968	12212	17233
  1969	12212	18158
  1970	12212	21317
  1971	12212	22574
  1972	12212	24271
  1973	1545	5107
  1974	1545	7007
  1975	1545	8547
  1976	1545	10791
  1977	1545	10919
  1978	1545	11275
  1979	1545	12212
  1980	1545	15600
  1981	1545	15608
  1982	1545	16644
  1983	1545	22074
  1984	1545	24568
  1985	1545	25996
  1986	1545	26098
  1987	10791	1059
  1988	10791	1545
  1989	10791	6154
  1990	10791	7725
  1991	10791	10919
  1992	10791	11125
  1993	10791	11275
  1994	10791	13705
  1995	10791	15435
  1996	10791	15608
  1997	10791	16039
  1998	10791	17821
  1999	10791	18540
  2000	10791	20536
  2001	10791	23529
  2002	10919	1545
  2003	10919	10791
  2004	10588	3916
  2005	10588	4525
  2006	10588	4952
  2007	10588	5352
  2008	10588	5729
  2009	10588	10490
  2010	10588	12101
  2011	10588	13801
  2012	10588	15311
  2013	10588	21754
  2014	10588	23134
  2015	10588	24614
  2016	5729	3916
  2017	5729	5352
  2018	5729	10588
  2019	1310	2922
  2020	1310	4493
  2021	1310	7926
  2022	1310	9124
  2023	1310	9870
  2024	1310	14627
  2025	1310	17379
  2026	1310	23186
  2027	1310	23720
  2028	1310	24475
  2029	1310	25931
  2030	23186	1310
  2031	23186	3593
  2032	23186	5346
  2033	23186	7926
  2034	23186	9124
  2035	23186	25931
  2036	25931	930
  2037	25931	1310
  2038	25931	3946
  2039	25931	4493
  2040	25931	4760
  2041	25931	9124
  2042	25931	14627
  2043	25931	17189
  2044	25931	23186
  2045	25931	23720
  2046	9710	743
  2047	9710	3345
  2048	9710	3430
  2049	9710	10463
  2050	9710	10526
  2051	9710	10841
  2052	9710	11788
  2053	9710	14818
  2054	9710	15144
  2055	9710	17746
  2056	9710	17932
  2057	9710	18189
  2058	9710	19107
  2059	9710	19159
  2060	9710	21438
  2061	9710	21776
  2062	9710	22439
  2063	9710	22611
  2064	9710	24431
  2065	9710	26038
  2066	7007	888
  2067	7007	1403
  2068	7007	1520
  2069	7007	1545
  2070	7007	3561
  2071	7007	4195
  2072	7007	7069
  2073	7007	7712
  2074	7007	9098
  2075	7007	10130
  2076	7007	12587
  2077	7007	13614
  2078	7007	14638
  2079	7007	15365
  2080	7007	16931
  2081	7007	17536
  2082	7007	17721
  2083	7007	21723
  2084	7007	22046
  2085	7007	22074
  2086	7007	22598
  2087	7007	22798
  2088	7007	23351
  2089	7007	24587
  2090	7007	25996
  2091	17536	3651
  2092	17536	6891
  2093	17536	7007
  2094	17536	7895
  2095	17536	8916
  2096	17536	9773
  2097	17536	11863
  2098	17536	12110
  2099	17536	17379
  2100	17536	18208
  2101	22476	4550
  2102	22476	13096
  2103	22476	13740
  2104	22476	16389
  2105	22476	20478
  2106	22476	23038
  2107	22476	25006
  2108	5233	3466
  2109	5233	10310
  2110	17932	615
  2111	17932	743
  2112	17932	4515
  2113	17932	8612
  2114	17932	9710
  2115	17932	11604
  2116	17932	12334
  2117	17932	16083
  2118	17932	21776
  2119	17932	26038
  2120	17932	26190
  2121	1000	178
  2122	1000	1149
  2123	1000	1694
  2124	1000	2115
  2125	1000	4575
  2126	1000	5107
  2127	1000	5605
  2128	1000	6288
  2129	1000	9829
  2130	1000	12016
  2131	1000	12070
  2132	1000	13008
  2133	1000	13469
  2134	1000	14485
  2135	1000	16101
  2136	1000	18250
  2137	1000	20667
  2138	1000	20716
  2139	1000	22644
  2140	1000	23107
  2141	1000	23344
  2142	1000	23939
  2143	1000	24199
  2144	1000	25402
  2145	1000	25948
  2146	23107	1000
  2147	23107	6963
  2148	23107	8045
  2149	23107	8374
  2150	23107	11964
  2151	23107	16694
  2152	23107	17465
  2153	23107	19865
  2154	23107	23939
  2155	23939	1000
  2156	23939	3006
  2157	23939	3630
  2158	23939	4416
  2159	23939	5901
  2160	23939	5953
  2161	23939	7911
  2162	23939	8730
  2163	23939	10406
  2164	23939	12874
  2165	23939	13177
  2166	23939	13801
  2167	23939	16817
  2168	23939	19297
  2169	23939	19723
  2170	23939	23107
  2171	23939	24885
  2172	5464	7774
  2173	5464	8701
  2174	5464	11275
  2175	5464	13653
  2176	5464	18008
  2177	5464	22599
  2178	13653	5464
  2179	26038	3265
  2180	26038	3998
  2181	26038	8513
  2182	26038	9710
  2183	26038	10501
  2184	26038	13029
  2185	26038	13622
  2186	26038	13682
  2187	26038	16324
  2188	26038	16640
  2189	26038	16749
  2190	26038	17932
  2191	26038	23855
  2192	26038	26059
  2193	26038	26065
  2194	23576	580
  2195	23576	6431
  2196	23576	19640
  2197	23576	24199
  2198	580	6431
  2199	580	23576
  2200	1877	2042
  2201	1877	15880
  2202	1877	16101
  2203	1877	16967
  2204	1877	19710
  2205	1877	20014
  2206	1877	20373
  2207	1877	21075
  2208	1877	23163
  2209	1877	23225
  2210	2042	1877
  2211	2042	3683
  2212	2042	3845
  2213	2042	6748
  2214	2042	14664
  2215	2042	15880
  2216	2042	16065
  2217	2042	16101
  2218	2042	16963
  2219	2042	16967
  2220	2042	19710
  2221	2042	20014
  2222	2042	20373
  2223	2042	20650
  2224	2042	21075
  2225	2042	23163
  2226	2042	23225
  2227	15880	1877
  2228	15880	2042
  2229	15880	3804
  2230	15880	4032
  2231	15880	5194
  2232	15880	6748
  2233	15880	13142
  2234	15880	16101
  2235	15880	20014
  2236	16101	1000
  2237	16101	1877
  2238	16101	2042
  2239	16101	13008
  2240	16101	13469
  2241	16101	14485
  2242	16101	15880
  2243	16101	20014
  2244	16101	23137
  2245	16101	23344
  2246	20014	1877
  2247	20014	2042
  2248	20014	11495
  2249	20014	12842
  2250	20014	15880
  2251	20014	16101
  2252	2846	495
  2253	2846	615
  2254	2846	1854
  2255	2846	2742
  2256	2846	3965
  2257	2846	5622
  2258	2846	7855
  2259	2846	8928
  2260	2846	8968
  2261	2846	9458
  2262	2846	9572
  2263	2846	10942
  2264	2846	13556
  2265	2846	17968
  2266	2846	18375
  2267	2846	23647
  2268	18375	2846
  2269	8335	1104
  2270	8335	2556
  2271	8335	5427
  2272	8335	13322
  2273	8335	13529
  2274	8335	14599
  2275	8335	18619
  2276	8335	18751
  2277	8335	20511
  2278	13529	8335
  2279	6494	2526
  2280	6494	6364
  2281	6494	6857
  2282	6494	7853
  2283	6494	14976
  2284	6494	19059
  2285	6494	24781
  2286	6857	321
  2287	6857	2526
  2288	6857	3804
  2289	6857	6364
  2290	6857	6494
  2291	6857	7853
  2292	6857	14976
  2293	6857	19059
  2294	6857	21853
  2295	6857	24781
  2296	24781	884
  2297	24781	2526
  2298	24781	5469
  2299	24781	5575
  2300	24781	6494
  2301	24781	6857
  2302	24781	10183
  2303	24781	10966
  2304	24781	16624
  2305	24781	24699
  2306	14308	5166
  2307	14308	5597
  2308	14308	5901
  2309	14308	9066
  2310	14308	20787
  2311	14308	23836
  2312	14308	25050
  2313	20787	5287
  2314	20787	5597
  2315	20787	14308
  2316	20787	17273
  2317	20787	23836
  2318	20787	25050
  2319	23689	6627
  2320	23689	18676
  2321	23689	22598
  2322	25143	9283
  2323	25143	9572
  2324	22184	953
  2325	22184	2710
  2326	22184	3909
  2327	22184	5194
  2328	22184	5993
  2329	22184	16148
  2330	22184	17794
  2331	5597	114
  2332	5597	2348
  2333	5597	5166
  2334	5597	5901
  2335	5597	6631
  2336	5597	8854
  2337	5597	9066
  2338	5597	14308
  2339	5597	20787
  2340	5597	23836
  2341	5597	23841
  2342	5597	25050
  2343	23836	4290
  2344	23836	5287
  2345	23836	5597
  2346	23836	8200
  2347	23836	8854
  2348	23836	11113
  2349	23836	12302
  2350	23836	14308
  2351	23836	17273
  2352	23836	20787
  2353	23836	21017
  2354	23836	21723
  2355	23836	23297
  2356	23836	23841
  2357	23836	25050
  2358	6355	7194
  2359	6355	20960
  2360	7194	6355
  2361	7194	7542
  2362	7194	15322
  2363	7194	18415
  2364	7194	20960
  2365	20960	6355
  2366	20960	7194
  2367	23066	3765
  2368	23066	14500
  2369	23066	17918
  2370	14500	3765
  2371	14500	23066
  2372	3765	3418
  2373	3765	4798
  2374	3765	7307
  2375	3765	12866
  2376	3765	14500
  2377	3765	20196
  2378	3765	23066
  2379	1508	7188
  2380	1508	8279
  2381	1508	18866
  2382	8279	896
  2383	8279	1508
  2384	8279	7188
  2385	8279	18866
  2386	8279	21158
  2387	2004	21191
  2388	21191	2004
  2389	21663	14020
  2390	21663	22203
  2391	14020	1600
  2392	14020	13190
  2393	14020	15905
  2394	14020	21635
  2395	14020	21663
  2396	16543	238
  2397	16543	4793
  2398	16543	6218
  2399	16543	15516
  2400	16543	16553
  2401	16543	16563
  2402	16543	16565
  2403	16543	22964
  2404	16563	238
  2405	16563	4793
  2406	16563	16543
  2407	16563	22964
  2408	238	8442
  2409	238	10412
  2410	238	16543
  2411	238	16563
  2412	8887	6072
  2413	6072	8887
  2414	491	1124
  2415	491	1818
  2416	491	4552
  2417	491	5739
  2418	491	6823
  2419	491	7882
  2420	491	13328
  2421	491	17039
  2422	491	17082
  2423	491	22028
  2424	491	23454
  2425	1818	491
  2426	1818	17039
  2427	1818	17082
  2428	17082	491
  2429	17082	1124
  2430	17082	1818
  2431	17082	3681
  2432	17082	4552
  2433	17082	6823
  2434	17082	7126
  2435	17082	13328
  2436	17082	17039
  2437	17082	18540
  2438	17039	491
  2439	17039	1818
  2440	17039	17082
  2441	3547	449
  2442	3547	882
  2443	3547	1405
  2444	3547	1498
  2445	3547	3033
  2446	3547	3048
  2447	3547	3511
  2448	3547	5901
  2449	3547	7091
  2450	3547	14707
  2451	3547	17245
  2452	3547	18340
  2453	3547	19865
  2454	14707	449
  2455	14707	882
  2456	14707	1498
  2457	14707	3033
  2458	14707	3511
  2459	14707	3547
  2460	14707	7091
  2461	14707	17245
  2462	14818	9710
  2463	14818	10841
  2464	14818	11788
  2465	14818	12334
  2466	14818	19159
  2467	6804	2501
  2468	6804	12260
  2469	6804	18182
  2470	6804	19624
  2471	6804	22826
  2472	6804	25491
  2473	6804	25844
  2474	19624	2501
  2475	19624	6184
  2476	19624	6804
  2477	19624	18182
  2478	214	3113
  2479	214	6512
  2480	214	10590
  2481	214	13989
  2482	214	18757
  2483	214	19161
  2484	214	21831
  2485	6512	88
  2486	6512	214
  2487	6512	1995
  2488	6512	2338
  2489	6512	2449
  2490	6512	2530
  2491	6512	2535
  2492	6512	3076
  2493	6512	4355
  2494	6512	4755
  2495	6512	5210
  2496	6512	6340
  2497	6512	7197
  2498	6512	7444
  2499	6512	7635
  2500	6512	8727
  2501	6512	9313
  2502	6512	9656
  2503	6512	9869
  2504	6512	10350
  2505	6512	10590
  2506	6512	12507
  2507	6512	12710
  2508	6512	14648
  2509	6512	14766
  2510	6512	15010
  2511	6512	15244
  2512	6512	15245
  2513	6512	15457
  2514	6512	15933
  2515	6512	16654
  2516	6512	17807
  2517	6512	18225
  2518	6512	18453
  2519	6512	18757
  2520	6512	18778
  2521	6512	19114
  2522	6512	19446
  2523	6512	19645
  2524	6512	19939
  2525	6512	20346
  2526	6512	20574
  2527	6512	20576
  2528	6512	21178
  2529	6512	21629
  2530	6512	22504
  2531	6512	23712
  2532	6512	24453
  2533	6512	24718
  2534	10590	214
  2535	10590	615
  2536	10590	6512
  2537	10590	12308
  2538	10590	15935
  2539	10590	18276
  2540	10590	18757
  2541	18904	2190
  2542	18904	3651
  2543	18904	6172
  2544	18904	8592
  2545	18904	14933
  2546	2190	6172
  2547	2190	8592
  2548	2190	14933
  2549	2190	18904
  2550	11801	26
  2551	11801	1407
  2552	11801	4249
  2553	11801	4550
  2554	11801	13096
  2555	11801	13142
  2556	11801	19489
  2557	11801	21718
  2558	11801	22290
  2559	11801	23441
  2560	11801	24113
  2561	23441	6421
  2562	23441	7264
  2563	23441	8224
  2564	23441	11182
  2565	23441	11696
  2566	23441	11801
  2567	23441	12286
  2568	23441	13276
  2569	23441	19489
  2570	23441	21287
  2571	23441	23423
  2572	449	500
  2573	449	2085
  2574	449	2568
  2575	449	3099
  2576	449	3547
  2577	449	4468
  2578	449	4631
  2579	449	7091
  2580	449	9892
  2581	449	10358
  2582	449	10458
  2583	449	10615
  2584	449	11011
  2585	449	12074
  2586	449	13469
  2587	449	13971
  2588	449	14079
  2589	449	14707
  2590	449	16754
  2591	449	18783
  2592	449	19612
  2593	449	20552
  2594	449	20553
  2595	449	21032
  2596	449	22876
  2597	449	23355
  2598	449	24454
  2599	449	25086
  2600	449	25180
  2601	449	25785
  2602	10358	449
  2603	10358	10615
  2604	10358	12074
  2605	10615	449
  2606	10615	2085
  2607	10615	3099
  2608	10615	10358
  2609	10615	12074
  2610	10615	13469
  2611	10615	24454
  2612	10615	25086
  2613	12074	449
  2614	12074	3099
  2615	12074	4631
  2616	12074	10358
  2617	12074	10615
  2618	12074	13469
  2619	3099	449
  2620	3099	2085
  2621	3099	10539
  2622	3099	10615
  2623	3099	12074
  2624	4254	9337
  2625	9337	4254
  2626	1497	6724
  2627	1497	16890
  2628	6724	1497
  2629	6724	2630
  2630	6724	7563
  2631	6724	14403
  2632	6724	16368
  2633	6724	17392
  2634	6724	18088
  2635	6724	23503
  2636	2558	15538
  2637	2558	21910
  2638	15538	231
  2639	15538	2558
  2640	15538	2982
  2641	15538	6774
  2642	15538	8049
  2643	15538	9482
  2644	15538	10243
  2645	15538	18910
  2646	15538	19423
  2647	15538	21012
  2648	15538	21910
  2649	15538	22457
  2650	15538	22691
  2651	15538	23452
  2652	21910	260
  2653	21910	2511
  2654	21910	2558
  2655	21910	10986
  2656	21910	13318
  2657	21910	13989
  2658	21910	14051
  2659	21910	14414
  2660	21910	15538
  2661	21910	19865
  2662	21910	22119
  2663	8968	1006
  2664	8968	2846
  2665	8968	4351
  2666	8968	9907
  2667	8968	11372
  2668	8968	12733
  2669	8968	16210
  2670	8968	16414
  2671	8968	21432
  2672	8968	21491
  2673	12260	6804
  2674	12260	25491
  2675	4241	639
  2676	4241	1727
  2677	4241	1941
  2678	4241	5227
  2679	4241	7015
  2680	4241	7125
  2681	4241	9647
  2682	4241	10055
  2683	4241	10476
  2684	4241	12852
  2685	4241	13813
  2686	4241	15846
  2687	4241	16333
  2688	4241	16347
  2689	4241	19297
  2690	4241	21705
  2691	4241	21771
  2692	4241	24924
  2693	24924	3651
  2694	24924	4241
  2695	24924	4576
  2696	24924	6700
  2697	24924	6941
  2698	24924	7206
  2699	24924	7485
  2700	24924	9241
  2701	24924	9389
  2702	24924	9426
  2703	24924	9482
  2704	24924	10246
  2705	24924	11026
  2706	24924	14485
  2707	24924	17953
  2708	24924	18946
  2709	24924	18983
  2710	24924	19013
  2711	24924	22644
  2712	24924	23458
  2713	24924	23986
  2714	24924	26170
  2715	4697	3007
  2716	4697	3561
  2717	4697	14599
  2718	4697	22082
  2719	4697	25537
  2720	22082	3561
  2721	22082	4697
  2722	22082	5695
  2723	22082	5901
  2724	22082	19527
  2725	13276	574
  2726	13276	2591
  2727	13276	6421
  2728	13276	6971
  2729	13276	7264
  2730	13276	7689
  2731	13276	8224
  2732	13276	10711
  2733	13276	10762
  2734	13276	11182
  2735	13276	11696
  2736	13276	13282
  2737	13276	15409
  2738	13276	16148
  2739	13276	18745
  2740	13276	18758
  2741	13276	19489
  2742	13276	20478
  2743	13276	21497
  2744	13276	22366
  2745	13276	22778
  2746	13276	23038
  2747	13276	23441
  2748	13276	23770
  2749	13276	25006
  2750	13276	25698
  2751	15409	13276
  2752	15409	13282
  2753	639	4241
  2754	639	7125
  2755	639	9647
  2756	639	10039
  2757	639	15846
  2758	639	19297
  2759	639	23714
  2760	1153	17501
  2761	17501	1153
  2762	17501	4183
  2763	17501	6010
  2764	17501	9862
  2765	17501	12370
  2766	17501	16575
  2767	17501	16834
  2768	17501	16853
  2769	17501	16899
  2770	17501	21199
  2771	17501	22299
  2772	17501	22309
  2773	17501	22620
  2774	16834	17501
  2775	16834	20248
  2776	570	45
  2777	570	46
  2778	570	773
  2779	570	1653
  2780	570	2212
  2781	570	2741
  2782	570	2952
  2783	570	3372
  2784	570	4164
  2785	570	4180
  2786	570	4511
  2787	570	4513
  2788	570	6179
  2789	570	6610
  2790	570	6830
  2791	570	7956
  2792	570	8701
  2793	570	8879
  2794	570	9785
  2795	570	11241
  2796	570	11472
  2797	570	12365
  2798	570	12496
  2799	570	12679
  2800	570	12781
  2801	570	12851
  2802	570	14540
  2803	570	14807
  2804	570	15003
  2805	570	15659
  2806	570	17655
  2807	570	17692
  2808	570	18894
  2809	570	19423
  2810	570	19961
  2811	570	20108
  2812	570	20562
  2813	570	20635
  2814	570	21012
  2815	570	21281
  2816	570	21508
  2817	570	21847
  2818	570	22691
  2819	570	22887
  2820	570	23293
  2821	570	24955
  2822	570	25346
  2823	570	25758
  2824	19657	573
  2825	19657	1430
  2826	19657	2072
  2827	19657	4966
  2828	19657	13142
  2829	19657	17559
  2830	19657	19493
  2831	19657	21075
  2832	19657	22278
  2833	19657	23134
  2834	26190	743
  2835	26190	5769
  2836	26190	12334
  2837	26190	12365
  2838	26190	17932
  2839	1727	4241
  2840	1727	9800
  2841	1727	10896
  2842	1727	16258
  2843	1727	20716
  2844	1727	20915
  2845	1727	22848
  2846	19992	1347
  2847	19992	3409
  2848	19992	4575
  2849	19992	4782
  2850	19992	9417
  2851	19992	11148
  2852	19992	12365
  2853	19992	15582
  2854	19992	17038
  2855	19992	17472
  2856	19992	18866
  2857	19992	19707
  2858	19992	21930
  2859	19992	24835
  2860	19992	24959
  2861	9417	16994
  2862	9417	19992
  2863	24009	283
  2864	24009	1880
  2865	24009	3725
  2866	24009	5505
  2867	24009	15911
  2868	24009	15931
  2869	24009	15959
  2870	24009	15961
  2871	24009	24444
  2872	15961	24009
  2873	14316	14690
  2874	14316	15516
  2875	14316	22254
  2876	14690	749
  2877	14690	1373
  2878	14690	3607
  2879	14690	7245
  2880	14690	8031
  2881	14690	14316
  2882	14690	15907
  2883	14690	19164
  2884	13008	302
  2885	13008	1000
  2886	13008	1694
  2887	13008	2335
  2888	13008	5605
  2889	13008	6288
  2890	13008	6702
  2891	13008	7188
  2892	13008	8208
  2893	13008	11490
  2894	13008	12070
  2895	13008	14485
  2896	13008	16101
  2897	13008	16108
  2898	13008	17174
  2899	13008	17924
  2900	13008	18866
  2901	13008	23344
  2902	13008	25402
  2903	4550	26
  2904	4550	1407
  2905	4550	3679
  2906	4550	3999
  2907	4550	4552
  2908	4550	5807
  2909	4550	7442
  2910	4550	8211
  2911	4550	9862
  2912	4550	11801
  2913	4550	12373
  2914	4550	12968
  2915	4550	13096
  2916	4550	13142
  2917	4550	13740
  2918	4550	15108
  2919	4550	16967
  2920	4550	17308
  2921	4550	20059
  2922	4550	22476
  2923	4550	25006
  2924	13142	26
  2925	13142	573
  2926	13142	1407
  2927	13142	2155
  2928	13142	3630
  2929	13142	4283
  2930	13142	4416
  2931	13142	4550
  2932	13142	4966
  2933	13142	5953
  2934	13142	6408
  2935	13142	7307
  2936	13142	7715
  2937	13142	8219
  2938	13142	8920
  2939	13142	9735
  2940	13142	11801
  2941	13142	13096
  2942	13142	14003
  2943	13142	14924
  2944	13142	15880
  2945	13142	16817
  2946	13142	19493
  2947	13142	19657
  2948	13142	23134
  2949	13142	23256
  2950	13142	24001
  2951	13142	25006
  2952	24330	2607
  2953	24330	3450
  2954	24330	4451
  2955	24330	4588
  2956	24330	5130
  2957	24330	5353
  2958	24330	5835
  2959	24330	9450
  2960	24330	12165
  2961	24330	12587
  2962	24330	12722
  2963	24330	15205
  2964	24330	15666
  2965	24330	15667
  2966	24330	19093
  2967	24330	20003
  2968	24330	20184
  2969	24330	20303
  2970	24330	21031
  2971	24330	21718
  2972	15666	15205
  2973	15666	20303
  2974	15666	24330
  2975	15205	15666
  2976	15205	15667
  2977	15205	20303
  2978	15205	24330
  2979	24640	4685
  2980	24640	15415
  2981	24640	24152
  2982	15415	24640
  2983	8365	8376
  2984	8365	8888
  2985	8365	9017
  2986	8365	13067
  2987	8365	13831
  2988	8365	14746
  2989	8365	15455
  2990	8365	16128
  2991	8365	17075
  2992	8365	18875
  2993	8365	23302
  2994	8365	23665
  2995	17075	2255
  2996	17075	3056
  2997	17075	4213
  2998	17075	5287
  2999	17075	6158
  3000	17075	7045
  3001	17075	7324
  3002	17075	8365
  3003	17075	9017
  3004	17075	11892
  3005	17075	12287
  3006	17075	13831
  3007	17075	15455
  3008	17075	19900
  3009	17075	20645
  3010	17075	20827
  3011	17075	23264
  3012	17075	23665
  3013	17075	24722
  3014	23665	6158
  3015	23665	8365
  3016	23665	9017
  3017	23665	10600
  3018	23665	13493
  3019	23665	13496
  3020	23665	15455
  3021	23665	17075
  3022	23665	18788
  3023	23665	18791
  3024	23665	23394
  3025	23665	24722
  3026	78	8254
  3027	78	8862
  3028	78	12155
  3029	78	17379
  3030	140	17304
  3031	140	18587
  3032	140	19404
  3033	140	22462
  3034	140	23986
  3035	140	24122
  3036	24122	140
  3037	18365	1078
  3038	18365	5164
  3039	18365	7899
  3040	18365	9387
  3041	18365	11640
  3042	18365	12545
  3043	18365	13371
  3044	18365	17116
  3045	18365	17721
  3046	18365	18109
  3047	18365	19741
  3048	18365	22149
  3049	18365	22598
  3050	18365	23382
  3051	1248	178
  3052	1248	10130
  3053	1248	16331
  3054	16331	1248
  3055	16331	19184
  3056	16331	20879
  3057	17843	1685
  3058	17843	4952
  3059	17843	8134
  3060	17843	12687
  3061	17843	23409
  3062	4952	1321
  3063	4952	1685
  3064	4952	2556
  3065	4952	4433
  3066	4952	5125
  3067	4952	7625
  3068	4952	8134
  3069	4952	10490
  3070	4952	10588
  3071	4952	10895
  3072	4952	11899
  3073	4952	12687
  3074	4952	13711
  3075	4952	13801
  3076	4952	16159
  3077	4952	16162
  3078	4952	16475
  3079	4952	16899
  3080	4952	17655
  3081	4952	17843
  3082	4952	19167
  3083	4952	19387
  3084	4952	21089
  3085	4952	21727
  3086	4952	23409
  3087	4952	23863
  3088	4952	24696
  3089	4952	25565
  3090	5060	20660
  3091	20660	1608
  3092	20660	1765
  3093	20660	5060
  3094	20660	20030
  3095	11447	834
  3096	11447	2490
  3097	11447	5570
  3098	11447	7383
  3099	7383	7264
  3100	7383	11447
  3101	7383	13371
  3102	7383	15625
  3103	7383	15917
  3104	7383	16148
  3105	7383	17266
  3106	7383	18140
  3107	7383	18790
  3108	7383	20478
  3109	7383	23038
  3110	7383	24110
  3111	7383	24559
  3112	21432	1234
  3113	21432	3909
  3114	21432	4466
  3115	21432	8505
  3116	21432	8968
  3117	21432	13929
  3118	21432	16357
  3119	21432	19179
  3120	21432	20116
  3121	21432	20148
  3122	21432	21491
  3123	21432	22691
  3124	21432	22834
  3125	21432	22899
  3126	21432	23452
  3127	21432	25053
  3128	21432	25271
  3129	21432	25710
  3130	13929	4068
  3131	13929	5807
  3132	13929	8505
  3133	13929	9517
  3134	13929	9572
  3135	13929	9943
  3136	13929	10096
  3137	13929	11400
  3138	13929	11630
  3139	13929	11700
  3140	13929	11733
  3141	13929	11951
  3142	13929	12130
  3143	13929	12268
  3144	13929	12545
  3145	13929	14093
  3146	13929	15685
  3147	13929	16006
  3148	13929	16210
  3149	13929	16357
  3150	13929	16414
  3151	13929	16495
  3152	13929	17135
  3153	13929	20116
  3154	13929	20148
  3155	13929	20169
  3156	13929	20478
  3157	13929	21432
  3158	13929	21491
  3159	13929	21994
  3160	13929	22188
  3161	13929	22189
  3162	13929	22621
  3163	13929	22811
  3164	13929	22899
  3165	13929	22975
  3166	13929	23110
  3167	13929	23509
  3168	13929	23552
  3169	13929	23805
  3170	13929	23806
  3171	13929	25006
  3172	13929	25557
  3173	13929	25562
  3174	13929	25698
  3175	5136	13556
  3176	5136	22177
  3177	13556	2556
  3178	13556	2846
  3179	13556	5136
  3180	13556	6934
  3181	13556	7801
  3182	13556	11275
  3183	13556	14089
  3184	13556	14485
  3185	13556	14967
  3186	13556	17778
  3187	13556	17968
  3188	13556	17979
  3189	13556	19738
  3190	13556	19865
  3191	13556	20683
  3192	13556	21699
  3193	13556	22177
  3194	13556	25215
  3195	13556	25316
  3196	13556	25382
  3197	6934	676
  3198	6934	9241
  3199	6934	11868
  3200	6934	13411
  3201	6934	13556
  3202	6934	16020
  3203	6934	16032
  3204	6934	20683
  3205	6934	21379
  3206	6934	22457
  3207	6934	24023
  3208	6934	25215
  3209	6934	25382
  3210	6934	25419
  3211	20683	6934
  3212	20683	7125
  3213	20683	13556
  3214	20683	18158
  3215	20683	22758
  3216	20683	25419
  3217	20683	25480
  3218	25419	6934
  3219	25419	7125
  3220	25419	20683
  3221	25419	22758
  3222	25419	25480
  3223	21771	2559
  3224	21771	4241
  3225	21771	5543
  3226	21771	5767
  3227	21771	10931
  3228	21771	13813
  3229	21771	24097
  3230	22644	1000
  3231	22644	4575
  3232	22644	8047
  3233	22644	9241
  3234	22644	14952
  3235	22644	16953
  3236	22644	16994
  3237	22644	18940
  3238	22644	20191
  3239	22644	22177
  3240	22644	24924
  3241	22644	25934
  3242	10467	13175
  3243	10467	20892
  3244	10467	21816
  3245	13175	10467
  3246	13175	21816
  3247	21816	10467
  3248	21816	13175
  3249	11640	18365
  3250	11640	25209
  3251	14371	17443
  3252	17443	141
  3253	17443	8408
  3254	17443	14102
  3255	17443	14371
  3256	17443	17286
  3257	17443	25827
  3258	16310	2654
  3259	16310	3113
  3260	16310	5246
  3261	16310	5993
  3262	16310	7459
  3263	16310	9572
  3264	16310	10310
  3265	16310	10524
  3266	16310	10762
  3267	16310	10841
  3268	16310	11223
  3269	16310	12337
  3270	16310	15419
  3271	16310	16056
  3272	16310	18924
  3273	16310	19807
  3274	16310	23637
  3275	19517	24
  3276	19517	811
  3277	19517	3858
  3278	19517	10871
  3279	19517	15066
  3280	19517	22989
  3281	19517	23161
  3282	19517	25378
  3283	22989	811
  3284	22989	10871
  3285	22989	15066
  3286	22989	19517
  3287	22989	25378
  3288	23708	205
  3289	23708	2501
  3290	23708	2710
  3291	23708	10762
  3292	23708	12389
  3293	23708	13190
  3294	23708	13614
  3295	23708	14351
  3296	23708	14485
  3297	23708	15718
  3298	23708	16148
  3299	23708	16506
  3300	23708	21650
  3301	23708	22336
  3302	23708	22502
  3303	23708	24110
  3304	5934	482
  3305	5934	3411
  3306	5934	4428
  3307	5934	5392
  3308	5934	6317
  3309	5934	7541
  3310	5934	10762
  3311	5934	10871
  3312	5934	15066
  3313	5934	15664
  3314	5934	16469
  3315	5934	17207
  3316	5934	17665
  3317	5934	20424
  3318	5934	24734
  3319	5934	25378
  3320	5934	25698
  3321	15066	482
  3322	15066	3411
  3323	15066	4428
  3324	15066	5392
  3325	15066	5934
  3326	15066	6317
  3327	15066	7541
  3328	15066	8206
  3329	15066	10871
  3330	15066	12865
  3331	15066	13384
  3332	15066	15664
  3333	15066	16469
  3334	15066	17665
  3335	15066	17688
  3336	15066	19517
  3337	15066	20424
  3338	15066	22876
  3339	15066	22989
  3340	15066	24734
  3341	15066	25378
  3342	16469	482
  3343	16469	3411
  3344	16469	3826
  3345	16469	4428
  3346	16469	5392
  3347	16469	5934
  3348	16469	6317
  3349	16469	7541
  3350	16469	10871
  3351	16469	12369
  3352	16469	13498
  3353	16469	15066
  3354	16469	15664
  3355	16469	17665
  3356	16469	19111
  3357	16469	20424
  3358	16469	22239
  3359	16469	24734
  3360	16469	25378
  3361	4383	9755
  3362	13614	205
  3363	13614	888
  3364	13614	1520
  3365	13614	4583
  3366	13614	7007
  3367	13614	7712
  3368	13614	9572
  3369	13614	14102
  3370	13614	17245
  3371	13614	18517
  3372	13614	19084
  3373	13614	22598
  3374	13614	22778
  3375	13614	23351
  3376	13614	23708
  3377	13614	23943
  3378	17245	75
  3379	17245	882
  3380	17245	3547
  3381	17245	8807
  3382	17245	13614
  3383	17245	14707
  3384	10620	17379
  3385	10620	21324
  3386	10620	22530
  3387	1880	24009
  3388	15353	3449
  3389	15353	17950
  3390	15353	18522
  3391	15353	21048
  3392	21048	482
  3393	21048	1172
  3394	21048	3449
  3395	21048	5346
  3396	21048	6864
  3397	21048	15353
  3398	8932	8916
  3399	6709	18003
  3400	18003	5545
  3401	18003	6709
  3402	12135	2475
  3403	12135	3209
  3404	12135	14599
  3405	12135	15973
  3406	12135	21928
  3407	12135	24765
  3408	3209	12135
  3409	3209	15973
  3410	6863	4624
  3411	6863	5355
  3412	24371	2620
  3413	24371	3032
  3414	24371	3096
  3415	24371	5052
  3416	24371	5712
  3417	24371	6219
  3418	24371	7442
  3419	24371	7615
  3420	24371	7768
  3421	24371	13847
  3422	24371	13955
  3423	24371	14003
  3424	24371	15235
  3425	24371	15244
  3426	24371	16148
  3427	24371	18160
  3428	24371	18227
  3429	24371	18540
  3430	24371	20168
  3431	24371	23967
  3432	24371	24453
  3433	24371	24568
  3434	1833	8177
  3435	1833	12107
  3436	12107	1833
  3437	12107	8177
  3438	8177	1833
  3439	8177	4819
  3440	8177	7863
  3441	8177	8596
  3442	8177	12107
  3443	8177	13635
  3444	8177	17848
  3445	14967	9458
  3446	14967	13556
  3447	14967	16741
  3448	14967	25152
  3449	14967	25408
  3450	16741	5052
  3451	16741	9124
  3452	16741	10597
  3453	16741	11891
  3454	16741	14967
  3455	16741	20243
  3456	16741	25408
  3457	19233	733
  3458	19233	19297
  3459	19233	20597
  3460	19297	639
  3461	19297	733
  3462	19297	2752
  3463	19297	3171
  3464	19297	4241
  3465	19297	5052
  3466	19297	6941
  3467	19297	9124
  3468	19297	10055
  3469	19297	19149
  3470	19297	19233
  3471	19297	19340
  3472	19297	20597
  3473	19297	23458
  3474	19297	23939
  3475	19297	25102
  3476	20597	19233
  3477	20597	19297
  3478	7542	7194
  3479	7350	1941
  3480	7350	4846
  3481	7350	5672
  3482	7350	7712
  3483	7350	7824
  3484	7350	8503
  3485	7350	8815
  3486	7350	10055
  3487	7350	12065
  3488	7350	14265
  3489	7350	14558
  3490	7350	15306
  3491	7350	15400
  3492	7350	15846
  3493	7350	17268
  3494	7350	22528
  3495	7350	22598
  3496	7350	22832
  3497	7350	25102
  3498	7712	888
  3499	7712	1520
  3500	7712	5555
  3501	7712	5787
  3502	7712	7007
  3503	7712	7350
  3504	7712	7459
  3505	7712	9572
  3506	7712	10623
  3507	7712	10969
  3508	7712	13321
  3509	7712	13614
  3510	7712	16958
  3511	7712	18517
  3512	7712	19109
  3513	7712	22598
  3514	7712	23346
  3515	7712	23351
  3516	19149	19297
  3517	11275	1545
  3518	11275	2848
  3519	11275	2922
  3520	11275	4896
  3521	11275	5246
  3522	11275	5464
  3523	11275	7801
  3524	11275	8666
  3525	11275	10552
  3526	11275	10791
  3527	11275	12884
  3528	11275	13556
  3529	11275	14638
  3530	11275	15608
  3531	11275	16123
  3532	11275	18511
  3533	11275	21754
  3534	11275	22366
  3535	11275	25988
  3536	14638	7007
  3537	14638	9829
  3538	14638	11275
  3539	14638	16994
  3540	14638	22371
  3541	11566	11808
  3542	11566	18560
  3543	11808	11566
  3544	11808	18560
  3545	18560	11566
  3546	18560	11808
  3547	13282	7264
  3548	13282	10711
  3549	13282	13276
  3550	13282	15409
  3551	13282	22778
  3552	15249	15624
  3553	15624	15249
  3554	4766	5175
  3555	4766	22415
  3556	12665	13096
  3557	3310	339
  3558	3310	1058
  3559	3310	1620
  3560	3310	2614
  3561	3310	3730
  3562	3310	3909
  3563	3310	5143
  3564	3310	7449
  3565	3310	7689
  3566	3310	10801
  3567	3310	12545
  3568	3310	14661
  3569	3310	21321
  3570	3310	22376
  3571	3310	22415
  3572	3310	24295
  3573	7449	3310
  3574	7449	5485
  3575	7449	23870
  3576	22778	6638
  3577	22778	9075
  3578	22778	10711
  3579	22778	10762
  3580	22778	13276
  3581	22778	13282
  3582	22778	13614
  3583	22778	18517
  3584	22778	23351
  3585	22778	23943
  3586	23351	888
  3587	23351	1520
  3588	23351	7007
  3589	23351	7712
  3590	23351	13614
  3591	23351	18517
  3592	23351	22598
  3593	23351	22778
  3594	23351	23943
  3595	23943	13614
  3596	23943	18517
  3597	23943	22778
  3598	23943	23351
  3599	17754	10055
  3600	17754	25674
  3601	25674	17754
  3602	16123	1044
  3603	16123	9485
  3604	16123	11275
  3605	16123	13597
  3606	16123	21754
  3607	10841	9273
  3608	10841	9325
  3609	10841	9710
  3610	10841	10310
  3611	10841	14818
  3612	10841	16310
  3613	10841	16324
  3614	1403	2368
  3615	1403	2783
  3616	1403	7007
  3617	1403	9408
  3618	1403	10130
  3619	1403	17721
  3620	1403	20168
  3621	2368	1403
  3622	2368	3977
  3623	2368	6094
  3624	2368	10130
  3625	2368	12927
  3626	2368	13310
  3627	2368	18511
  3628	2368	20168
  3629	2368	22366
  3630	20168	1403
  3631	20168	2368
  3632	20168	5712
  3633	20168	6264
  3634	20168	7204
  3635	20168	7442
  3636	20168	12247
  3637	20168	14599
  3638	20168	19433
  3639	20168	24371
  3640	8503	231
  3641	8503	2741
  3642	8503	2980
  3643	8503	7350
  3644	8503	10055
  3645	8503	14558
  3646	8503	14807
  3647	8503	17268
  3648	8503	18719
  3649	8503	18866
  3650	8503	18867
  3651	8503	21012
  3652	8503	24943
  3653	8503	24955
  3654	18719	45
  3655	18719	731
  3656	18719	773
  3657	18719	1186
  3658	18719	1694
  3659	18719	2741
  3660	18719	7209
  3661	18719	7844
  3662	18719	8503
  3663	18719	11148
  3664	18719	12085
  3665	18719	12365
  3666	18719	12496
  3667	18719	13597
  3668	18719	16722
  3669	18719	16726
  3670	18719	16876
  3671	18719	18866
  3672	18719	19640
  3673	18719	21012
  3674	18719	22691
  3675	18719	25201
  3676	18867	8503
  3677	23409	4952
  3678	23409	17843
  3679	10942	2846
  3680	10942	5555
  3681	10942	5787
  3682	10942	7459
  3683	10942	7926
  3684	10942	9572
  3685	10942	10711
  3686	10942	14485
  3687	10942	17359
  3688	10942	23558
  3689	10942	23647
  3690	23647	2710
  3691	23647	2846
  3692	23647	5555
  3693	23647	5787
  3694	23647	6828
  3695	23647	7459
  3696	23647	7926
  3697	23647	9572
  3698	23647	10942
  3699	23647	14485
  3700	23647	21543
  3701	23647	25319
  3702	22119	3953
  3703	22119	13196
  3704	22119	21910
  3705	3953	15568
  3706	3953	17163
  3707	3953	22119
  3708	3953	22954
  3709	5672	4846
  3710	5672	7350
  3711	3430	3345
  3712	3430	9710
  3713	3430	14606
  3714	3430	22144
  3715	3430	24431
  3716	24431	3345
  3717	24431	3430
  3718	24431	5266
  3719	24431	5541
  3720	24431	5995
  3721	24431	9710
  3722	24431	14606
  3723	24431	19806
  3724	16020	1840
  3725	16020	4713
  3726	16020	6824
  3727	16020	6934
  3728	16020	12492
  3729	16020	14265
  3730	16020	24696
  3731	23986	140
  3732	23986	10478
  3733	23986	16675
  3734	23986	17304
  3735	23986	18587
  3736	23986	19404
  3737	23986	24924
  3738	16675	23986
  3739	13859	4141
  3740	13859	9267
  3741	13859	11052
  3742	13859	16091
  3743	13859	17755
  3744	13859	20053
  3745	13859	22395
  3746	13859	26168
  3747	16091	11052
  3748	16091	13859
  3749	16091	26168
  3750	2081	7504
  3751	1941	4241
  3752	1941	7350
  3753	1941	10055
  3754	1941	15846
  3755	1941	22528
  3756	1941	22832
  3757	1941	25102
  3758	15846	639
  3759	15846	1941
  3760	15846	4180
  3761	15846	4241
  3762	15846	7350
  3763	15846	8378
  3764	15846	10055
  3765	15846	16607
  3766	15846	23714
  3767	15846	25102
  3768	2054	1552
  3769	2054	8719
  3770	2054	9760
  3771	2054	10355
  3772	2054	13741
  3773	10355	2054
  3774	13469	449
  3775	13469	500
  3776	13469	1000
  3777	13469	4631
  3778	13469	5116
  3779	13469	10615
  3780	13469	12074
  3781	13469	16101
  3782	13469	16754
  3783	13469	19612
  3784	13469	23137
  3785	13469	24454
  3786	23137	13469
  3787	23137	16101
  3788	896	7188
  3789	896	8279
  3790	896	17038
  3791	896	18866
  3792	896	21158
  3793	21158	896
  3794	21158	7188
  3795	21158	8279
  3796	9629	7087
  3797	9629	9984
  3798	9629	10153
  3799	9629	10543
  3800	9629	10967
  3801	9629	16006
  3802	9629	16336
  3803	9629	20435
  3804	9629	20479
  3805	9629	21433
  3806	9629	25569
  3807	9629	25783
  3808	25783	7039
  3809	25783	9629
  3810	25783	10543
  3811	25783	12166
  3812	25783	14970
  3813	25783	21433
  3814	25783	25569
  3815	17038	896
  3816	17038	3466
  3817	17038	7188
  3818	17038	7277
  3819	17038	16766
  3820	17038	16770
  3821	17038	16858
  3822	17038	17113
  3823	17038	17389
  3824	17038	18408
  3825	17038	18866
  3826	17038	19089
  3827	17038	19992
  3828	17038	20033
  3829	17038	21968
  3830	17038	23429
  3831	17038	24578
  3832	19865	1405
  3833	19865	2511
  3834	19865	3547
  3835	19865	4472
  3836	19865	4724
  3837	19865	6904
  3838	19865	6963
  3839	19865	7452
  3840	19865	8374
  3841	19865	11964
  3842	19865	12016
  3843	19865	12491
  3844	19865	12781
  3845	19865	13369
  3846	19865	13556
  3847	19865	14346
  3848	19865	15931
  3849	19865	16694
  3850	19865	17465
  3851	19865	18065
  3852	19865	18271
  3