Reading ../datasets/ca-GrQc.txt
Running simulation with:
Set size: 	30
Heuristic: 	centrality
Nodes: 		5242
Edges: 		28980
No saved centrality results found
This might take a while...
Estimating activation function...
[13801, 14485, 9572, 17655, 2654, 21012, 12545, 25006, 12365, 22691, 20478, 2741, 7689, 13276, 5052, 18866, 23293, 6610, 13096, 13929, 6700, 676, 16148, 10762, 1488, 13142, 12781, 23038, 23382, 21281]
1	1024.6423
2	1055.5271
3	1056.8159
4	1057.9686
5	1056.0672
6	1057.1961
7	1059.058
8	1059.2153
9	1059.8412
10	1059.274
11	1060.3776
12	1059.5214
13	1060.2261
14	1060.4184
15	1063.8162
16	1064.5483
17	1063.4694
18	1063.7036
19	1066.0854
20	1064.3349
21	1065.9013
22	1065.8172
23	1067.7388
24	1068.4821
25	1070.7608
26	1072.3757
27	1072.7401
28	1073.9397
29	1073.4134
30	1071.6178
