Reading ../datasets/ca-GrQc.txt
Running simulation with:
Set size: 	30
Heuristic: 	centrality
Nodes: 		5242
Edges: 		28980
Saved centrality results found
Estimating activation function...
[13801, 14485, 9572, 17655, 2654, 21012, 12545, 25006, 12365, 22691, 20478, 2741, 7689, 13276, 5052, 18866, 23293, 6610, 13096, 13929, 6700, 676, 16148, 10762, 1488, 13142, 12781, 23038, 23382, 21281]
1	102.2226
2	169.1889
3	211.1772
4	301.22
5	333.729
6	347.7982
7	363.9662
8	380.3198
9	387.9857
10	392.9854
11	403.9589
12	407.5607
13	421.9373
14	435.2896
15	451.9309
16	455.8357
17	457.4638
18	463.3233
19	477.5708
20	488.0399
21	491.2699
22	494.1032
23	503.4283
24	512.6095
25	530.0576
26	539.0632
27	539.9267
28	546.1743
29	547.6005
30	549.8075
