Reading ../datasets/ca-GrQc.txt
Running simulation with:
Set size: 	30
Heuristic: 	centrality
Nodes: 		5242
Edges: 		28980
Saved centrality results found
Estimating activation function...
[13801, 14485, 9572, 17655, 2654, 21012, 12545, 25006, 12365, 22691, 20478, 2741, 7689, 13276, 5052, 18866, 23293, 6610, 13096, 13929, 6700, 676, 16148, 10762, 1488, 13142, 12781, 23038, 23382, 21281]
1	2.1762
2	3.816
3	5.6895
4	11.264
5	13.5456
6	18.4138
7	19.7718
8	21.509
9	25.1678
10	28.368
11	29.7394
12	32.3982
13	34.0771
14	35.5576
15	37.4074
16	39.1195
17	41.2168
18	43.3168
19	44.6308
20	46.4791
21	47.9312
22	49.425
23	50.8307
24	52.4167
25	54.1612
26	55.4659
27	57.2945
28	58.7873
29	60.3977
30	62.1883
