Reading ../datasets/ca-GrQc.txt
Running simulation with:
Set size: 	30
Heuristic: 	centrality
Nodes: 		5242
Edges: 		28980
Saved centrality results found
Estimating activation function...
[13801, 14485, 9572, 17655, 2654, 21012, 12545, 25006, 12365, 22691, 20478, 2741, 7689, 13276, 5052, 18866, 23293, 6610, 13096, 13929, 6700, 676, 16148, 10762, 1488, 13142, 12781, 23038, 23382, 21281]
1	9.5314
2	14.515
3	21.5447
4	34.5551
5	42.5488
6	56.6628
7	61.2586
8	65.3979
9	76.9058
10	86.8543
11	91.5189
12	97.9932
13	104.3588
14	109.0653
15	115.3045
16	120.9825
17	124.9508
18	131.3361
19	135.785
20	143.8303
21	148.4974
22	152.0047
23	155.7552
24	161.1954
25	167.3699
26	172.6081
27	176.105
28	182.0143
29	185.8868
30	193.2606
