Reading ../datasets/ca-GrQc.txt
Running simulation with:
Set size: 	30
Heuristic: 	degree
Nodes: 		5242
Edges: 		28980
Estimating activation function...
[21012, 21281, 22691, 12365, 6610, 9785, 21508, 17655, 2741, 19423, 15003, 14807, 15244, 12781, 7956, 1653, 25346, 773, 4164, 23293, 25758, 24955, 6512, 3372, 11241, 45, 21847, 12496, 570, 22887]
1	6.2389
2	11.1978
3	14.8067
4	18.422
5	21.0621
6	23.3278
7	25.446
8	27.3313
9	29.0933
10	30.6966
11	32.005
12	33.5618
13	37.1822
14	38.488
15	39.5897
16	40.7144
17	41.7847
18	42.6048
19	43.5969
20	44.4274
21	45.3303
22	46.2042
23	49.0118
24	49.8327
25	50.5079
26	51.3571
27	51.9414
28	52.6651
29	53.3743
30	53.7291
