Reading ../datasets/ca-GrQc.txt
Running simulation with:
Set size: 	30
Heuristic: 	degree
Nodes: 		5242
Edges: 		28980
Estimating activation function...
[21012, 21281, 22691, 12365, 6610, 9785, 21508, 17655, 2741, 19423, 15003, 14807, 15244, 12781, 7956, 1653, 25346, 773, 4164, 23293, 25758, 24955, 6512, 3372, 11241, 45, 21847, 12496, 570, 22887]
1	206.9174
2	230.8169
3	243.2597
4	255.2388
5	270.5645
6	276.0144
7	279.0928
8	285.739
9	289.514
10	292.862
11	294.4788
12	296.0844
13	360.7288
14	361.8391
15	362.4972
16	364.739
17	365.8333
18	366.593
19	367.3516
20	370.2021
21	370.8848
22	371.3914
23	374.9687
24	374.3046
25	375.9192
26	376.0409
27	375.781
28	376.0228
29	377.2348
30	378.2269
