Reading ../datasets/ca-GrQc.txt
Running simulation with:
Set size: 	30
Heuristic: 	degree
Nodes: 		5242
Edges: 		28980
Estimating activation function...
[21012, 21281, 22691, 12365, 6610, 9785, 21508, 17655, 2741, 19423, 15003, 14807, 15244, 12781, 7956, 1653, 25346, 773, 4164, 23293, 25758, 24955, 6512, 3372, 11241, 45, 21847, 12496, 570, 22887]
1	16.4396
2	30.4357
3	42.068
4	52.6819
5	60.6514
6	67.6992
7	73.2865
8	78.6735
9	82.367
10	86.3243
11	89.3174
12	92.0506
13	104.1868
14	106.3323
15	108.0061
16	109.9426
17	111.2724
18	112.5677
19	114.0775
20	115.6496
21	116.9125
22	117.4895
23	125.818
24	126.3164
25	126.9579
26	127.4577
27	127.7163
28	128.1121
29	128.7651
30	128.8599
