Reading ../datasets/ca-GrQc.txt
Running simulation with:
Set size: 	30
Heuristic: 	degree
Nodes: 		5242
Edges: 		28980
Estimating activation function...
[21012, 21281, 22691, 12365, 6610, 9785, 21508, 17655, 2741, 19423, 15003, 14807, 15244, 12781, 7956, 1653, 25346, 773, 4164, 23293, 25758, 24955, 6512, 3372, 11241, 45, 21847, 12496, 570, 22887]
1	1053.2499
2	1053.2595
3	1055.0789
4	1053.009
5	1053.2282
6	1053.3996
7	1054.6277
8	1054.6902
9	1053.4023
10	1053.0473
11	1054.4664
12	1051.8762
13	1058.357
14	1056.7831
15	1059.2357
16	1056.9643
17	1058.5961
18	1057.8029
19	1058.7312
20	1059.5305
21	1056.9729
22	1056.3517
23	1058.6273
24	1058.2826
25	1057.561
26	1056.7258
27	1056.9354
28	1057.9753
29	1059.2491
30	1058.4503
