Reading ../datasets/ca-GrQc.txt
Running simulation with:
Set size: 	30
Heuristic: 	random
Nodes: 		5242
Edges: 		28980
Estimating activation function...
[7483, 9027, 4488, 7648, 11199, 14128, 4702, 6919, 20258, 18246, 14485, 8553, 5787, 20543, 23901, 16368, 21205, 20169, 3195, 9988, 5445, 15802, 21712, 22177, 450, 5485, 7093, 4023, 14403, 299]
1	1.1974
2	3.1239
3	5.8422
4	7.2285
5	8.982
6	10.7352
7	12.1068
8	13.2678
9	14.6426
10	16.2297
11	21.2223
12	22.4156
13	24.8238
14	26.3937
15	27.7794
16	30.8406
17	32.5324
18	33.8125
19	35.0065
20	36.4336
21	37.7937
22	38.9716
23	40.3819
24	44.8182
25	46.1164
26	47.6232
27	49.0457
28	50.6095
29	53.6219
30	55.5753
