Reading ../datasets/ca-GrQc.txt
Running simulation with:
Set size: 	30
Heuristic: 	random
Nodes: 		5242
Edges: 		28980
Estimating activation function...
[5212, 25543, 19553, 20383, 19520, 17467, 9414, 6468, 385, 2201, 934, 14372, 17670, 10907, 25382, 15583, 939, 24870, 24163, 13496, 18719, 6830, 15770, 14485, 12110, 16889, 13199, 12703, 8708, 3100]
1	1.0852
2	2.1915
3	3.2649
4	4.3657
5	5.4306
6	6.481
7	7.5503
8	8.7155
9	9.869
10	10.9111
11	12.1879
12	13.3962
13	14.4547
14	15.5157
15	16.5782
16	17.6155
17	18.635
18	19.6759
19	20.7415
20	21.7909
21	24.0451
22	29.0635
23	30.1831
24	31.7295
25	32.9359
26	33.9478
27	34.9687
28	36.08
29	37.1383
30	38.0108
