Reading ../datasets/ca-GrQc.txt
Running simulation with:
Set size: 	30
Heuristic: 	random
Nodes: 		5242
Edges: 		28980
Estimating activation function...
[20850, 18036, 23064, 5287, 9338, 3037, 12616, 8737, 14374, 25321, 10407, 22620, 23577, 17696, 19997, 22816, 9095, 19783, 16834, 16270, 15917, 21615, 20808, 19179, 19223, 4431, 14419, 12166, 23686, 22051]
1	948.8221
2	944.5194
3	958.3286
4	990.7801
5	999.4256
6	1013.4143
7	1016.7378
8	1019.0838
9	1033.5344
10	1038.0416
11	1042.2627
12	1050.3601
13	1075.5996
14	1073.7651
15	1076.5099
16	1076.7875
17	1079.8872
18	1082.1939
19	1085.6096
20	1088.1078
21	1090.4328
22	1093.136
23	1099.6917
24	1104.4127
25	1103.6146
26	1105.3997
27	1106.2976
28	1108.4559
29	1110.7197
30	1112.923
