Reading ../datasets/ca-GrQc.txt
Running simulation with:
Set size: 	30
Heuristic: 	degree
Nodes: 		5242
Edges: 		28980
Estimating activation function...
[21012, 21281, 22691, 12365, 6610, 9785, 21508, 17655, 2741, 19423, 15003, 14807, 15244, 12781, 7956, 1653, 25346, 773, 4164, 23293, 25758, 24955, 6512, 3372, 11241, 45, 21847, 12496, 570, 22887]
1	206.279
2	231.2429
3	243.8653
4	255.6077
5	270.2089
6	275.6848
7	278.3063
8	286.1659
9	289.8081
10	292.7425
11	294.3195
12	296.4054
13	360.7109
14	361.9405
15	362.8326
16	363.7937
17	366.5553
18	367.096
19	367.0319
20	370.3227
21	371.9618
22	371.86
23	374.6606
24	374.4913
25	375.5677
26	376.7169
27	376.4519
28	376.3853
29	377.2575
30	378.5664
